PSO:1
blindpso+cost.est:
0.245114
0.545637
0.375256
0.127331
0.376388
0.685034

PSO:2
igmme + cost.est:
  0.26262
 0.760761
 0.409308
0.0563249
 0.304134
0.00359507

w.mat    7.26558    -17.2008     3.39241   -0.418004    -1.35883 -0.00325892     1.55112   -0.179241    0.260563
   -17.2008     40.8877    -8.12363    0.983589     3.28714   0.0198298    -3.69023     0.44903   -0.692329
    3.39241    -8.12363     1.64596   -0.188626   -0.651962 -0.00770147     0.71729  -0.0940478    0.155618
  -0.418004    0.983589   -0.188626     1.46976     8.29818    0.317094    -6.99498     1.37867    -3.25598
   -1.35883     3.28714   -0.651962     8.29818     47.6517     1.92353    -39.8361     8.07383    -19.2208
-0.00325892   0.0198298 -0.00770147    0.317094     1.92353   0.0961909    -1.56538    0.356553   -0.869313
    1.55112    -3.69023     0.71729    -6.99498    -39.8361    -1.56538     33.4382    -6.68466     15.8515
  -0.179241     0.44903  -0.0940478     1.37867     8.07383    0.356553    -6.68466     1.42102    -3.41275
   0.260563   -0.692329    0.155618    -3.25598    -19.2208   -0.869313     15.8515    -3.41275     8.22624

GBMAT: 
 0.0065948   0.715788   0.986549   0.298898   0.129224    3854.79
 0.0867393   0.588455   0.618024   0.286245   0.394441    471.603
  0.253841   0.512284    0.34677   0.114113   0.353508    433.363
  0.247883    0.53491   0.344163   0.118604   0.370651    428.108
  0.245087   0.538646   0.362047   0.125971   0.378595    422.499
  0.245114   0.545637   0.375256   0.127331   0.376388      420.5
  0.245114   0.545637   0.375256   0.127331   0.376388   0.685034
  0.245114   0.545637   0.375256   0.127331   0.376388   0.685034
  0.204276   0.744192   0.378281   0.115913   0.167344   0.538566
  0.211121   0.744412   0.376353   0.115145   0.171627   0.497808
  0.211121   0.744412   0.376353   0.115145   0.171627   0.497808
  0.208764   0.503795   0.367016   0.123313   0.425553   0.285778
  0.260313   0.505274    0.33673   0.147404   0.401616   0.185003
  0.214344   0.522858   0.340603   0.114709   0.369792   0.143063
  0.214532   0.522684   0.341374   0.114927   0.369827   0.134181
  0.214781   0.560754   0.354108   0.109891   0.335387  0.0907771
  0.307582   0.726847   0.392301  0.0830122   0.341108  0.0881869
  0.249227   0.571559   0.340238  0.0984129   0.353663  0.0318065
  0.233111   0.566327   0.346515   0.110808   0.347985  0.0311745
  0.246305   0.570626   0.340299   0.100279   0.352934  0.0256493
   0.25266   0.637053   0.364947  0.0973773   0.336047  0.0128032
  0.254586      0.623    0.35712  0.0965047   0.335924  0.0123378
  0.254586      0.623    0.35712  0.0965047   0.335924  0.0123378
  0.252078   0.635948    0.36594  0.0880504   0.335484  0.0101744
  0.254103   0.673246   0.363783  0.0727611   0.302185 0.00744444
  0.250109   0.665717   0.363779  0.0687767    0.30207 0.00559488
  0.243993   0.648501   0.363485  0.0834906   0.308896 0.00496892
  0.243993   0.650799   0.363231  0.0832851     0.3084 0.00387245
  0.246037   0.644521   0.357985  0.0789423   0.311147 0.00309438
  0.246025   0.644657   0.357343   0.079137   0.306362 0.00300984
  0.245523   0.644807   0.357567  0.0791573   0.306397 0.00268135
  0.245623   0.646154   0.357095  0.0786009   0.305142 0.00254922
  0.245623   0.646154   0.357095  0.0786009   0.305142  0.0687292
  0.244404   0.651783   0.361786   0.083233   0.307366  0.0495564
  0.244097   0.652089     0.3597  0.0790679   0.306117  0.0490893
   0.24493   0.651462   0.359981  0.0802163   0.306714  0.0447964
  0.244814   0.650498   0.360726  0.0795838   0.309061  0.0445695
  0.246634   0.650578   0.358987  0.0792282   0.308844  0.0423255
  0.246628   0.650609   0.359004  0.0792178   0.308844  0.0422998
  0.248137   0.651689   0.359379  0.0793064   0.309292  0.0422882
  0.247264   0.650782   0.359125   0.079227   0.309227  0.0420179
  0.246443   0.651657   0.360352  0.0790343   0.310254  0.0411304
  0.245159   0.658397   0.368864  0.0764164   0.316637  0.0395641
  0.256569   0.672943   0.366713  0.0787431   0.312961  0.0367135
  0.247295   0.663768   0.370602  0.0770864   0.315873  0.0331259
  0.254343   0.671765   0.368124  0.0771697   0.314677  0.0314609
  0.254343   0.671765   0.368124  0.0771697   0.314677  0.0314609
  0.252024   0.665662    0.36693  0.0777296   0.313188  0.0299431
  0.250086   0.665202   0.367365  0.0768453   0.313329  0.0280202
   0.25071    0.67423   0.372678  0.0752127   0.312531  0.0241461
  0.250838   0.674628   0.371906  0.0745713   0.312599  0.0219877
   0.25058   0.687203   0.381123  0.0702342   0.316936  0.0195087
  0.250812    0.68123   0.377286  0.0709748   0.316113  0.0192429
  0.251962   0.680282   0.376201  0.0712723   0.316592  0.0189773
  0.251962   0.680282   0.376201  0.0712723   0.316592  0.0282401
  0.250765   0.691665   0.379767  0.0707868   0.308049  0.0239181
  0.252078   0.690883   0.379641  0.0695413   0.310527  0.0226312
  0.253288   0.692441   0.380376  0.0725217   0.310627  0.0217323
  0.252831   0.692496   0.379635  0.0699904   0.310272  0.0211251
  0.252851    0.69257   0.379784  0.0701555   0.310452  0.0210551
  0.252983   0.692758   0.379541  0.0701432   0.309708  0.0210296
  0.252836    0.69313   0.379716  0.0701009   0.309709  0.0209491
  0.253045    0.69288   0.379909  0.0706103   0.310085  0.0208943
  0.254026   0.694166   0.387696  0.0704959   0.325289  0.0208182
  0.253315   0.693519   0.382475  0.0704505   0.315719  0.0206963
  0.253119    0.69807    0.38333  0.0688119   0.310772  0.0186458
  0.253044   0.697984   0.383249  0.0688158   0.310782  0.0185235
  0.254754   0.698007   0.383198  0.0724736   0.312748  0.0184762
  0.254174   0.697393   0.383563  0.0709707    0.31385  0.0182809
  0.254174   0.697393   0.383563  0.0709707    0.31385   0.019836
  0.253932   0.697566   0.383579  0.0695976   0.313403  0.0196399
  0.253932   0.697566   0.383579  0.0695976   0.313403  0.0196399
  0.253308   0.704123   0.383503  0.0689141   0.305192  0.0191044
  0.253434   0.701912   0.383386  0.0683038    0.30787  0.0187087
  0.253435    0.70207   0.383259   0.066802    0.30787  0.0184895
  0.254237   0.705063    0.38464  0.0688933    0.30777  0.0179566
  0.254233   0.704817   0.386424  0.0689034   0.309895  0.0176775
  0.254184    0.70329   0.385253  0.0690453   0.310083  0.0173206
  0.254242   0.703944   0.385977  0.0689335   0.310876  0.0169495
   0.25429   0.704698   0.387236  0.0688862   0.312368  0.0167031
  0.257489    0.70916   0.386595  0.0690565   0.310872  0.0157959
  0.256999   0.708941   0.386767  0.0689366   0.310823  0.0153568
  0.256145   0.707476   0.386997  0.0688793   0.311474   0.015205
   0.25605   0.707581   0.386992  0.0688441   0.311453  0.0151666
  0.255479   0.708765   0.388575  0.0685958   0.311521  0.0150523
    0.2558   0.708381   0.388067  0.0686764   0.311638  0.0148867
  0.256329   0.712057   0.389588  0.0685678   0.311497  0.0132961
  0.257022   0.713277   0.390478  0.0682188   0.312353  0.0128715
  0.256727    0.71432   0.390898     0.0683   0.311886  0.0123853
  0.256625   0.729326    0.38975  0.0615245   0.293068  0.0112956
  0.256661   0.727725   0.389591  0.0621412   0.294923  0.0111572
  0.256724   0.724914     0.3937  0.0635671   0.306247 0.00955382
  0.256869   0.725587   0.392992  0.0632764   0.303943 0.00949512
  0.256841   0.725369   0.393131  0.0633374   0.304455 0.00948449
  0.256841   0.725369   0.393131  0.0633374   0.304455  0.0119767
  0.256818   0.725372   0.393115  0.0633148   0.304493  0.0119492
  0.256741   0.725662   0.393066  0.0629857   0.304112  0.0119059
  0.257247   0.727764   0.396293  0.0629886   0.307835  0.0117438
  0.257159   0.726456   0.393695  0.0631459   0.305078   0.011498
  0.257071   0.727068   0.394912  0.0630739   0.306665  0.0112298
  0.257161   0.726832   0.394467  0.0629658   0.306046  0.0112097
  0.257867     0.7276   0.394372  0.0630062    0.30607  0.0109854
  0.257955   0.730449   0.396663   0.063022   0.306285  0.0108891
  0.257897   0.732989   0.398153  0.0627432   0.306797 0.00956817
  0.258784   0.733935   0.398103  0.0627215   0.306724 0.00895099
  0.258809   0.734026   0.397919  0.0627215   0.306769 0.00889014
   0.25888   0.734047   0.397925  0.0626934   0.306638 0.00881463
   0.25888   0.734047   0.397925  0.0626934   0.306638 0.00881463
  0.258879   0.737736    0.39799  0.0626503   0.302368 0.00864519
  0.258918    0.73618    0.39796  0.0626754   0.304241 0.00862781
  0.258816   0.736592   0.397891  0.0621914    0.30354 0.00854556
   0.25883   0.736592   0.397892  0.0621948   0.303543  0.0085432
  0.258842   0.736849   0.397942  0.0620918   0.303295 0.00851234
  0.258834    0.73717    0.39794  0.0620504   0.303143 0.00848973
  0.258842   0.737074   0.397863  0.0618652   0.303093 0.00845659
  0.258843   0.737154   0.397866  0.0615423   0.303099 0.00839793
  0.258838   0.737111   0.397865  0.0613783   0.303164 0.00838975
  0.258838   0.737155   0.397866  0.0614045   0.303162 0.00837967
  0.258838   0.737155   0.397866  0.0614045   0.303162 0.00837967
   0.25879   0.737429   0.397874  0.0606852   0.303151 0.00831344
  0.262937   0.745027   0.402643  0.0625003   0.308631 0.00690014
  0.261915   0.744448   0.402272  0.0617757   0.306971 0.00686443
  0.262055   0.744511   0.402497  0.0615557   0.308572  0.0066725
  0.262001   0.744487   0.402471  0.0616524   0.307964 0.00642846
  0.261894   0.744299   0.402447  0.0618351   0.307844 0.00642208
   0.26113   0.743418   0.402447  0.0614217   0.307844 0.00635595
  0.261423   0.743875    0.40241  0.0611374   0.308093 0.00635151
  0.261423   0.743875    0.40241  0.0608351   0.308093 0.00634091
  0.260703   0.744245   0.404018  0.0611714     0.3095 0.00622909
  0.261701    0.74595   0.403554  0.0613328   0.308489  0.0062267
  0.261407   0.745117   0.403774  0.0612732   0.308627 0.00603395
  0.261564   0.745167   0.403698  0.0617109   0.308673 0.00592618
  0.261416   0.745152   0.403583  0.0614772   0.308506 0.00590709
  0.261416   0.745152   0.403583  0.0614772   0.308506 0.00590709
  0.261406   0.746472    0.40472  0.0618611   0.309095 0.00585059
  0.261411   0.745743   0.404135  0.0616656    0.30879 0.00581899
  0.261427    0.74568   0.404092  0.0616056   0.308776 0.00580851
  0.261424   0.746217   0.404203  0.0613975   0.308282 0.00574761
  0.261416   0.746387   0.404165  0.0614698   0.308136   0.005736
  0.262011   0.746922   0.404192  0.0614698   0.308632 0.00565841
  0.261859   0.746883   0.404176  0.0614752   0.308356  0.0056468
  0.261861     0.7469   0.404106   0.061318    0.30822  0.0056259
  0.261824   0.746838   0.404113  0.0611727   0.308192 0.00559929
  0.261816   0.746838   0.404123  0.0611727   0.308192 0.00559753
  0.261757   0.746919   0.404126  0.0611423   0.308079 0.00559254
  0.261858   0.748797   0.404115  0.0604952   0.306365  0.0055146
  0.261509   0.749306   0.404939  0.0603033   0.306975 0.00544777
  0.261596   0.749186   0.404805  0.0603428   0.306876 0.00535042
  0.261643   0.749059   0.404788  0.0602712   0.306843 0.00523953
  0.262449    0.75647   0.404659  0.0573497   0.299731 0.00523789
   0.26216   0.753688   0.404677  0.0584435   0.302512  0.0050167
  0.262164   0.753762   0.404718  0.0581973   0.302458 0.00501491
  0.262067   0.753304   0.404825  0.0586086   0.302894 0.00495223
  0.262054   0.753291   0.404795  0.0586099   0.302888  0.0049466
  0.262019   0.753288   0.404778  0.0586095   0.302892 0.00494127
  0.262052   0.754366   0.405149  0.0584673    0.30247 0.00479409
  0.262084   0.754312   0.405134  0.0582122   0.302472 0.00478664
  0.262006   0.754169   0.405129  0.0582591    0.30248  0.0047828
  0.261362   0.754254   0.405118  0.0579706   0.301568 0.00476311
  0.261689   0.754228    0.40514  0.0582053   0.302113 0.00475058
  0.261489   0.754287   0.405683  0.0579939   0.302825 0.00462265
  0.261513    0.75469   0.405662  0.0579335   0.302367 0.00460569
   0.26151   0.754633   0.405665   0.057938   0.302424 0.00460568
  0.261461     0.7552    0.40626  0.0579346   0.302784 0.00452665
  0.261459   0.755172   0.406344  0.0578975   0.302964 0.00451491
  0.262158   0.755941   0.406312  0.0579408   0.302828 0.00441388
  0.262158   0.755941   0.406312  0.0579408   0.302828 0.00441388
  0.262012   0.755784   0.406187  0.0579487   0.302818 0.00438702
  0.262029   0.755798   0.406195  0.0577558   0.302835 0.00436924
  0.261793   0.755723    0.40644  0.0577886   0.302981 0.00436414
  0.261791   0.759405   0.409087  0.0563519   0.304215 0.00406552
  0.261822   0.759414   0.409087  0.0563244   0.304146 0.00405978
  0.261996   0.759192   0.408755  0.0562799   0.303952 0.00399289
  0.261897   0.759475   0.408898  0.0562603   0.303986 0.00394998
  0.262403   0.759404   0.408851  0.0561905    0.30461 0.00380671
  0.262407   0.759555    0.40885  0.0561869    0.30461 0.00372514
  0.262398   0.759645   0.409023   0.056156   0.304865 0.00372229
  0.262518    0.75963   0.408911  0.0561614   0.304822 0.00369534
  0.262518    0.75963   0.408911  0.0561614   0.304822 0.00369534
  0.262518    0.75963   0.408888  0.0561612   0.304822 0.00369328
  0.262521    0.75963   0.408888  0.0561612   0.304822  0.0036927
  0.262521    0.75963   0.408888  0.0561612   0.304822  0.0036927
   0.26278   0.759766   0.408896  0.0563309   0.304822 0.00368504
  0.262553   0.759766    0.40889  0.0562654    0.30466 0.00366391
  0.262645   0.759774   0.408883  0.0562923   0.304729 0.00365069
   0.26262    0.75973   0.408873  0.0566608   0.304668 0.00364524
   0.26262   0.760761   0.409308  0.0563249   0.304134 0.00359507
CODE FINISHED RUNNING IN 6 s TIME!
Job Statistics for 2163673:
           JobID       User               Start                 End    Elapsed     MaxRSS   TotalCPU      State Exit        NodeList                                  ReqTRES 
---------------- ---------- ------------------- ------------------- ---------- ---------- ---------- ---------- ---- --------------- ---------------------------------------- 
         2163673   rsjxw007 2021-10-17T14:48:55 2021-10-17T14:49:02   00:00:07             00:06.512  COMPLETED  0:0   r1pl-hpcf-n22         billing=1,cpu=1,mem=7812M,node=1 
   2163673.batch            2021-10-17T14:48:55 2021-10-17T14:49:02   00:00:07          0  00:06.511  COMPLETED  0:0   r1pl-hpcf-n22                                          
  2163673.extern            2021-10-17T14:48:55 2021-10-17T14:49:02   00:00:07          0  00:00.001  COMPLETED  0:0   r1pl-hpcf-n22                                          
CPU Efficiency: 100.00% of 00:00:07 core-walltime
