Program Begin:
Reading in data!
csvPSO
params:13
Reading data/X directory!
"../data/X/t30s_processed.csv"
Reading in607 elements from X data directory
moments:14
Using two part PSO Sample Size:607 with:14 moments.
Using Times:30
Bounds for Uniform Distribution (0,1)
Blind PSO --> nParts:500 Nsteps:200
Targeted PSO --> nParts:10 Nsteps:10
sdbeta:0.1
Loading in Truk!
Calculating Yt!
Reading data/Y directory!
"../data/Y/t1m_processed.csv"
Computing Weight Matrices!
XtmVec: 1.31907  2.02608  0.78575  1.21144  1.73995  4.10509 0.617447  1.46797  2.67257  1.03648  1.59803  1.59205  2.45465 0.952019
seedk:0.376948 0.893425 0.225111 0.891371 0.582918 0.286411| cost:1.76651
PSO begins!
XtmVec:   1.89083   0.458393  0.0602127   0.128408    3.57524   0.210124 0.00362624  0.0165579   0.866743   0.113852   0.242799  0.0276016   0.058867 0.00773859
seedk: 0.798244 0.0855181 0.0456988  0.702135  0.353428  0.422176| cost:2.03228
PSO begins!
XtmVec:0.808243  2.27101  5.73247  16.6295 0.653257  5.15753  32.8709  277.856  1.83553  4.63323  13.4407   13.019  37.7713  95.4407
seedk:0.419486 0.907496 0.802584 0.879574 0.323777 0.519012| cost:2.38892
PSO begins!
XtmVec:  0.0224005   0.0123478  0.00318122  0.00223814 0.000501809 0.000152491 1.01239e-05 5.01406e-06 0.000276622 7.12711e-05 5.01469e-05 3.92903e-05 2.76465e-05 7.12427e-06
seedk:0.00846694   0.546631   0.254686   0.692047   0.996765   0.381153| cost:2.39255
PSO begins!
XtmVec: 2.10289  1.56939 0.338656 0.724137   4.4228  2.46443 0.114946  0.52848  3.30123  0.71257  1.52443 0.532096   1.1389 0.246263
seedk: 0.443114  0.312906 0.0894322  0.867674  0.424363   0.21328| cost:1.7831
PSO begins!
XtmVec: 12.046  7.4318  7.3037 1.26687 148.899 56.9392 55.2933 1.67421 92.0682 90.6993 15.7732  56.104 9.75898 9.62023
seedk:0.782073 0.493709 0.786048  0.13866 0.804912 0.069217| cost:2.88739
PSO begins!
XtmVec:0.724444 0.384497 0.603744  1.35932 0.524819 0.147864 0.368036  2.01213 0.278546 0.437379 0.984748 0.232442 0.524726 0.844759
seedk:0.597216 0.144041 0.389291 0.456565 0.275674 0.824378| cost:2.11297
PSO begins!
XtmVec:24.5068 7.18265 6.39283 5.00832 635.473 54.8478 43.6745 26.9575 186.684 166.563 130.824 48.9408 38.4439 34.3107
seedk: 0.933128  0.275184  0.835902  0.735992  0.932817 0.0322272| cost:5.85346
PSO begins!
XtmVec:  0.831923    1.08807   0.180969  0.0938184   0.692096     1.1839  0.0327498 0.00880189   0.905192   0.150552  0.0780497   0.196907   0.102081  0.0169782
seedk:0.828704 0.846698 0.107671 0.335602 0.647372 0.996131| cost:2.07123
PSO begins!
XtmVec:7.00394 9.54581 6.02647 6.31836 64.3731 121.808 49.4696  55.422 88.5385 56.4024 59.6622 77.6161 82.1228  52.355
seedk:0.163077 0.824519 0.381378 0.632446   0.6285 0.045946| cost:2.22222
PSO begins!
 0.163077  0.824519  0.381378  0.632446    0.6285  0.045946   2.22222
 0.163077  0.824519  0.381378  0.632446    0.6285  0.045946   2.22222
 0.437615  0.227201  0.416505  0.862339  0.820635  0.053114  0.856834
 0.496054  0.100695   0.20902  0.769567  0.460101 0.0438215  0.851723
 0.496054  0.126466  0.247489  0.824292  0.421505 0.0438215  0.752895
 0.307919  0.232926  0.107069  0.605117  0.657672 0.0280192  0.713683
 0.307919  0.232926  0.107069  0.605117  0.657672 0.0280192  0.713683
 0.279652  0.214598  0.218097  0.642756  0.528984 0.0394744  0.682158
 0.375047  0.227979   0.16355  0.655123  0.448253 0.0353356  0.579303
 0.345527  0.227979  0.144442  0.655123  0.436243 0.0353356   0.52691
 0.345527  0.227979  0.144442  0.655123  0.436243 0.0353356   0.52691
 0.472844  0.358141   0.12627  0.605959  0.571781 0.0489986  0.417176
 0.472844  0.358141   0.12627  0.605959  0.571781 0.0489986  0.417176
 0.472844  0.358141   0.12627  0.605959  0.571781 0.0489986  0.417176
 0.462435  0.344708  0.116673  0.586032  0.557473 0.0420975   0.41616
 0.535031    0.3372  0.129446  0.631506  0.539592 0.0502943  0.407569
 0.534544  0.382421  0.129456  0.631469   0.53921 0.0532723  0.374679
 0.493227   0.42279  0.107701  0.684537  0.602873 0.0492354  0.358476
 0.493227   0.42279  0.107701  0.684537  0.602873 0.0492354  0.358476
 0.468471  0.438578  0.101101  0.657995  0.552528  0.052554  0.336514
 0.462123  0.404505 0.0775124   0.64707  0.506544 0.0453121   0.31698
 0.449733  0.451903 0.0800663  0.599082  0.526602 0.0463381  0.305458
 0.449733  0.451903 0.0800663  0.599082  0.526602 0.0463381  0.305458
  0.47238  0.433599 0.0788229  0.659627  0.505587 0.0500725  0.296207
 0.509322  0.490048  0.088481  0.596213  0.502637 0.0582674  0.293213
 0.524717  0.537813 0.0929553  0.619451   0.54017 0.0570386  0.291507
 0.504689  0.467439 0.0673054  0.624084  0.444196 0.0598941  0.271656
  0.46535  0.461675 0.0571418  0.641667   0.44779 0.0551719  0.267642
 0.588812  0.472985 0.0482759  0.753437  0.426963 0.0693194  0.256964
 0.565296  0.459457 0.0587268  0.688443  0.438214 0.0628165  0.253526
 0.589317  0.464779 0.0546154  0.714012  0.433788 0.0653748  0.248315
 0.589317  0.464779 0.0546154  0.714012  0.433788 0.0653748  0.248315
 0.590959  0.460659 0.0421886  0.681448  0.411729 0.0635163  0.247841
 0.590959  0.460659 0.0421886  0.681448  0.411729 0.0635163  0.247841
 0.585052  0.452581 0.0512825  0.699933  0.428829 0.0626722  0.247783
 0.570795  0.459326 0.0494295  0.715367  0.418274  0.063458   0.24556
 0.566835  0.350571 0.0402131  0.743283  0.333554 0.0633434  0.237037
 0.566835  0.350571 0.0402131  0.743283  0.333554 0.0633434  0.237037
 0.566835  0.350571 0.0402131  0.743283  0.333554 0.0633434  0.237037
 0.566835  0.350571 0.0402131  0.743283  0.333554 0.0633434  0.237037
 0.545526  0.344006 0.0411202  0.755885  0.313441 0.0638417  0.234933
 0.543763  0.349827 0.0406139   0.75319  0.324454 0.0606077  0.234259
 0.543763  0.349827 0.0406139   0.75319  0.324454 0.0606077  0.234259
 0.577839  0.337165 0.0351866  0.766531  0.320354 0.0613374  0.232216
 0.556584  0.357998 0.0381127  0.790164  0.330893 0.0614424  0.231328
 0.556584  0.357998 0.0381127  0.790164  0.330893 0.0614424  0.231328
 0.602003  0.358555 0.0348855  0.719631  0.312705 0.0663612  0.230892
 0.606416  0.361232 0.0363887  0.730388  0.321168  0.066498  0.230349
 0.563241   0.37751 0.0398731  0.815813   0.32279 0.0659449   0.22962
 0.619324   0.33899  0.035543   0.78047  0.317297  0.065832  0.226806
  0.57704  0.309757 0.0342421  0.805725  0.284897 0.0664279  0.224829
 0.564738  0.325951  0.035112  0.800842  0.291652 0.0648826  0.224019
 0.651631  0.307233 0.0332712  0.768595  0.289455 0.0676778  0.221411
 0.622179  0.328596 0.0344106  0.782082  0.290972 0.0693395  0.220982
 0.622179  0.328596 0.0344106  0.782082  0.290972 0.0693395  0.220982
 0.622179  0.328596 0.0344106  0.782082  0.290972 0.0693395  0.220982
 0.609693  0.309257    0.0347   0.78259   0.27306 0.0678822  0.220468
 0.619603  0.322799 0.0350586  0.783988  0.286115 0.0692608  0.220448
 0.640661  0.313716 0.0334685   0.78214  0.273119 0.0715261  0.217637
 0.628369  0.317083 0.0301329  0.805664  0.270357 0.0706859   0.21651
 0.637585  0.300907 0.0302481  0.792557  0.262856 0.0708391  0.214474
 0.640255  0.298058 0.0298702  0.791876   0.26209 0.0712702  0.214253
 0.689218  0.270008 0.0316009  0.797435  0.260503 0.0706204  0.212655
 0.610962  0.253953 0.0263967  0.834206   0.23613 0.0674382  0.208915
 0.611908  0.251851 0.0280237  0.832377  0.237324 0.0667154  0.208798
 0.613314  0.255317 0.0278491  0.830928  0.238427  0.066784  0.208664
 0.613314  0.255317 0.0278491  0.830928  0.238427  0.066784  0.208664
 0.643565   0.25687  0.025908  0.835092  0.231867 0.0697633  0.205133
 0.643565   0.25687  0.025908  0.835092  0.231867 0.0697633  0.205133
 0.666347  0.259238 0.0261023  0.833651  0.235068 0.0714504  0.204619
 0.666347  0.259238 0.0261023  0.833651  0.235068 0.0714504  0.204619
 0.665931  0.217262 0.0240658  0.810345  0.194438 0.0733775  0.201664
 0.687794  0.208364  0.022382  0.835607  0.191919 0.0747242  0.195588
 0.687794  0.208364  0.022382  0.835607  0.191919 0.0747242  0.195588
 0.687794  0.208364  0.022382  0.835607  0.191919 0.0747242  0.195588
 0.674017  0.199493 0.0190022  0.817989  0.180898 0.0730551  0.194728
 0.688815  0.204658 0.0200246  0.828684  0.186054 0.0744695  0.194153
 0.691241  0.201727 0.0201522  0.833234  0.186598 0.0744548  0.194034
 0.708097  0.197783  0.018399  0.833482  0.171393 0.0791989  0.192796
 0.689018  0.199447 0.0187186  0.871203  0.179493 0.0766932  0.192658
 0.705565  0.198064 0.0186427  0.848218  0.180693 0.0756865  0.191718
 0.697979  0.178107  0.016166  0.868359  0.165553 0.0751758   0.18988
 0.697979  0.178107  0.016166  0.868359  0.165553 0.0751758   0.18988
  0.69284  0.181013 0.0170155  0.884885  0.168353 0.0740169   0.18961
  0.69284  0.181013 0.0170155  0.884885  0.168353 0.0740169   0.18961
 0.709778  0.189742 0.0172191   0.88461  0.172549   0.07584  0.189318
 0.742394  0.190007 0.0174849  0.900343  0.174739 0.0778462  0.187674
 0.742394  0.190007 0.0174849  0.900343  0.174739 0.0778462  0.187674
 0.742394  0.190007 0.0174849  0.900343  0.174739 0.0778462  0.187674
 0.743116  0.188807 0.0178849   0.91091  0.172009 0.0780957  0.187556
 0.737999  0.189258 0.0178013  0.903834  0.172843   0.07858  0.187186
 0.740202  0.184967 0.0164667  0.897046  0.164698 0.0800078  0.186962
 0.776155  0.190203 0.0177734  0.927604  0.174592 0.0816116  0.185163
 0.776155  0.190203 0.0177734  0.927604  0.174592 0.0816116  0.185163
  0.78826  0.186178 0.0172212  0.925058  0.169189 0.0822244  0.184665
 0.785608  0.190018 0.0177366   0.92448  0.171739 0.0834562  0.184628
 0.813648  0.187932 0.0174576  0.917027  0.171507 0.0861805  0.184215
 0.791093  0.188662 0.0175605   0.93407   0.17154 0.0835696  0.184117
 0.796712  0.189394 0.0175297  0.924997  0.171559 0.0840774  0.184115
 0.800757   0.19048 0.0175462  0.923833  0.171706 0.0848388  0.184071
 0.803607  0.189139 0.0171285  0.925591   0.17078 0.0843038  0.183873
 0.803113  0.189047 0.0170973  0.925477  0.170716 0.0844102  0.183864
   0.8048  0.189047 0.0170973  0.925477  0.170716 0.0844102  0.183826
 0.804927  0.188106 0.0170343    0.9661  0.169977 0.0848361  0.182904
 0.804927  0.188106 0.0170343    0.9661  0.169977 0.0848361  0.182904
 0.804927  0.188106 0.0170343    0.9661  0.169977 0.0848361  0.182904
 0.804927  0.188106 0.0170343    0.9661  0.169977 0.0848361  0.182904
 0.814797  0.172173 0.0153334  0.945119  0.158779  0.085397  0.182448
 0.842345  0.186666 0.0167302  0.958843  0.169186 0.0873006  0.181786
 0.871773  0.186964 0.0167621  0.966408  0.168882 0.0921988   0.18171
 0.860833  0.186771 0.0167027  0.955435  0.168531 0.0887832  0.181376
 0.857992  0.179463 0.0156583  0.955065  0.160185 0.0901235  0.181063
 0.855849  0.174714 0.0153745  0.951692  0.157895 0.0898586  0.180958
 0.855849  0.174714 0.0153745  0.951692  0.157895 0.0898586  0.180958
 0.855849  0.174714 0.0153745  0.951692  0.157895 0.0898586  0.180958
 0.859493  0.174419 0.0154458  0.954861  0.158379  0.089672  0.180749
 0.859493  0.174419 0.0154458  0.954861  0.158379  0.089672  0.180749
 0.871388  0.177375 0.0154805  0.955399   0.16111 0.0897031  0.180622
 0.870817  0.177153 0.0155355  0.954079  0.160347 0.0899651  0.180585
 0.870817  0.177153 0.0155355  0.954079  0.160347 0.0899651  0.180585
  0.86854   0.17669 0.0154282  0.954499  0.159856 0.0905045  0.180553
 0.867751  0.176615 0.0155563  0.954352  0.159958  0.090231  0.180548
 0.873649   0.17597 0.0155659  0.960025  0.160113 0.0900807   0.18037
 0.875388  0.177285 0.0155344  0.958433  0.160147 0.0907992  0.180321
 0.874544  0.175291 0.0152357  0.960096   0.15885 0.0905286  0.180301
 0.876369   0.17617 0.0155446   0.97372  0.159254 0.0912594  0.180126
 0.889112  0.174571  0.015392  0.968823  0.157999 0.0917574  0.179888
 0.886382  0.174887 0.0154007  0.967102  0.158258 0.0923476  0.179888
 0.889095  0.174815 0.0152137  0.977662  0.159068 0.0917145  0.179705
 0.889095  0.174815 0.0152137  0.977662  0.159068 0.0917145  0.179705
 0.893983  0.174571 0.0149606  0.973024  0.158063 0.0925813   0.17965
 0.893983  0.174571 0.0149606  0.973024  0.158063 0.0925813   0.17965
 0.900448  0.169075 0.0149198  0.967552  0.154877 0.0924853   0.17946
 0.900275  0.169064 0.0148495  0.967611  0.154956 0.0924819  0.179449
 0.902584  0.168721 0.0148266  0.967531  0.155062  0.092531  0.179404
 0.902584  0.168721 0.0148266  0.967531  0.155062  0.092531  0.179404
 0.902584  0.168721 0.0148266  0.967531  0.155062  0.092531  0.179404
 0.902584  0.168721 0.0148266  0.967531  0.155062  0.092531  0.179404
 0.909714  0.168976 0.0149101  0.968242  0.155218 0.0926675  0.179342
 0.905633    0.1698 0.0147384  0.972322  0.155507 0.0929789  0.179296
 0.905077  0.169708 0.0149989  0.972128  0.155525 0.0931132  0.179289
 0.909587  0.170294 0.0147399  0.976903  0.155473 0.0932598  0.179173
 0.914841  0.167794 0.0144129  0.975954  0.154355 0.0934658  0.179148
  0.92743  0.170717 0.0146046  0.973019  0.154394 0.0949393  0.178877
 0.928006  0.170662 0.0146362  0.975833  0.155036  0.095137  0.178718
 0.928006  0.170662 0.0146362  0.975833  0.155036  0.095137  0.178718
 0.928006  0.170662 0.0146362  0.975833  0.155036  0.095137  0.178718
 0.937614  0.170618 0.0145149   0.97648  0.155037     0.096  0.178522
 0.940138   0.17137 0.0146504  0.978005  0.155676 0.0964685   0.17844
 0.940138   0.17137 0.0146504  0.978005  0.155676 0.0964685   0.17844
 0.940138   0.17137 0.0146504  0.978005  0.155676 0.0964685   0.17844
 0.939769  0.171289 0.0147356  0.978048  0.155563 0.0962455   0.17841
 0.939769  0.171289 0.0147356  0.978048  0.155563 0.0962455   0.17841
  0.93959  0.171955 0.0148564  0.977919  0.155573  0.096674  0.178406
 0.945544   0.17145 0.0146574  0.978242  0.155359 0.0968739  0.178291
 0.945544   0.17145 0.0146574  0.978242  0.155359 0.0968739  0.178291
 0.947469  0.171342 0.0145357  0.981156  0.155417 0.0968957  0.178279
 0.947023  0.169001 0.0146207  0.979639  0.154518 0.0967683   0.17825
 0.946744  0.170125 0.0147654  0.979995  0.154901 0.0972199  0.178245
 0.951923  0.170059 0.0146856  0.979387  0.154597 0.0972746  0.178122
  0.95498  0.167129 0.0146692   0.97924  0.153227 0.0974681  0.178087
 0.954903  0.167438 0.0145712   0.97922  0.153124 0.0973194  0.178085
 0.954903  0.167438 0.0145712   0.97922  0.153124 0.0973194  0.178085
 0.956381  0.167569 0.0144904  0.979045  0.153456 0.0976375  0.178071
 0.956459  0.167822 0.0145618  0.982788  0.153451 0.0972402  0.178065
  0.95598  0.167898  0.014529  0.981985  0.153302 0.0976031  0.178037
 0.960276    0.1677   0.01444  0.984196   0.15353 0.0975001  0.177988
 0.959566  0.167756 0.0144434  0.989231  0.153559 0.0974911   0.17798
 0.958856  0.168264 0.0145717   0.98652  0.153776 0.0977043  0.177961
 0.968404  0.167543 0.0146381  0.984617  0.153678 0.0984942  0.177777
 0.968724  0.167543 0.0146516  0.984617  0.153678 0.0984942   0.17777
 0.969845  0.167547 0.0146447  0.986345  0.153678 0.0984853  0.177747
 0.971553  0.167927 0.0145078  0.987638   0.15339 0.0989901  0.177692
 0.971553  0.167927 0.0145113  0.987638   0.15339 0.0989624  0.177691
   0.9765  0.168734 0.0145168  0.986662  0.153719 0.0992743  0.177591
   0.9765  0.168734 0.0145168  0.986662  0.153719 0.0992743  0.177591
   0.9765  0.168734 0.0145168  0.986662  0.153719 0.0992743  0.177591
 0.979654  0.168301 0.0144936  0.986761  0.153507 0.0992104  0.177586
 0.977971  0.168746 0.0144899  0.986773  0.153682  0.099607  0.177555
 0.980016  0.168889 0.0147639  0.987568  0.153634 0.0998852  0.177528
 0.980931  0.168712 0.0147243  0.988717  0.153711  0.099746  0.177506
 0.984928  0.169145 0.0146172  0.992674  0.154034   0.10012  0.177387
 0.987024  0.169027 0.0145655  0.989391  0.153807  0.100378  0.177355
 0.988892  0.168919 0.0146216  0.989301  0.154064  0.100255  0.177332
 0.988839   0.16867 0.0146208  0.989358  0.154062  0.100256   0.17733
 0.992966  0.168867 0.0146059  0.989055  0.154089  0.100453  0.177275
  0.99249  0.168817 0.0145843   0.98901  0.154069  0.100558  0.177264
 0.992525  0.168716 0.0145895  0.989069  0.153973  0.100787  0.177254
  0.99251  0.169051 0.0146146  0.989617  0.153864  0.100917  0.177241
  0.99461  0.168921 0.0145691  0.992665  0.153906  0.100767   0.17722
 0.995617  0.168901 0.0146803  0.992834  0.153971   0.10112  0.177176
 0.995617  0.168901 0.0146803  0.992834  0.153971   0.10112  0.177176
 0.996256  0.168858 0.0146494  0.994257  0.154007  0.101065  0.177165
  0.99653  0.168863 0.0146091  0.994759  0.154009  0.101027  0.177163
 0.996499  0.168862 0.0146138  0.994702  0.154009  0.101056  0.177161
 0.996438  0.168863 0.0146049  0.994611  0.153994  0.101092  0.177161
 0.996438   0.16947 0.0146281  0.992909  0.154072  0.101224  0.177156
 0.996278  0.169392  0.014641  0.993462  0.154214  0.101252  0.177154
 0.996779  0.169402 0.0146267  0.993445  0.154137  0.101237  0.177147
 0.996507  0.169877 0.0147186  0.993415  0.154521  0.101326   0.17714
 0.996989  0.169743 0.0146851  0.993487  0.154377  0.101387  0.177134
All Run Results:
  0.998152   0.136673  0.0116507   0.816747     0.1271   0.101397   0.178234
  0.997291   0.130601  0.0110732   0.785678   0.122198   0.101316    0.17849
  0.995771   0.161617   0.013881   0.952462   0.147625   0.101326   0.177405
  0.996876   0.143728  0.0122343   0.856961   0.133017   0.101062   0.178002
  0.998192   0.107753 0.00897432   0.664227   0.103534   0.101251   0.179517
   0.99565    0.14291   0.012173   0.848313   0.132049   0.101177    0.17806
  0.995554   0.119632   0.010182   0.714723   0.113156   0.101078   0.179015
  0.997011   0.159419   0.013631   0.957083   0.146133   0.101218   0.177439
  0.996646   0.153093  0.0130495   0.911707   0.140573   0.101314   0.177664
  0.996989   0.169743  0.0146851   0.993487   0.154377   0.101387   0.177134
Final Estimate: 0.996989  0.169743 0.0146851  0.993487  0.154377  0.101387  0.177134
CODE FINISHED RUNNING IN 390 s TIME!
