warning: Pulling without specifying how to reconcile divergent branches is
discouraged. You can squelch this message by running one of the following
commands sometime before your next pull:

  git config pull.rebase false  # merge (the default strategy)
  git config pull.rebase true   # rebase
  git config pull.ff only       # fast-forward only

You can replace "git config" with "git config --global" to set a default
preference for all repositories. You can also pass --rebase, --no-rebase,
or --ff-only on the command line to override the configured default per
invocation.

Already up to date.
make: Nothing to be done for 'all'.
Program Begin:
Reading in Parameters from Configuration File!
csvPSO
------ Reading in X_0! ------
"../data/X/t1m_processed.csv"
Reading in 1773 rows or cells from X data directory
---------------------------
--------- Parameters ---------
Total Number of Runs:1
Number of Moments:14
Hyper Cube Width:80
Using Times: 60 120
Blind PSO --> nParts:1000 Nsteps:1000
Targeted PSO --> nParts:10 Nsteps:10
Number of Rates:6
------------------------------
------ Reading in Yt! ------
"../data/Y/t2m_processed.csv"
Read in 1431 rows!
---------------------------
Computing Weight Matrices!
  0.0107501           0           0           0           0           0           0           0           0           0           0           0           0           0
          0  0.00907906           0           0           0           0           0           0           0           0           0           0           0           0
          0           0   0.0199266           0           0           0           0           0           0           0           0           0           0           0
          0           0           0  0.00140538           0           0           0           0           0           0           0           0           0           0
          0           0           0           0 7.41118e-06           0           0           0           0           0           0           0           0           0
          0           0           0           0           0 3.77298e-06           0           0           0           0           0           0           0           0
          0           0           0           0           0           0 2.27202e-05           0           0           0           0           0           0           0
          0           0           0           0           0           0           0 3.83646e-08           0           0           0           0           0           0
          0           0           0           0           0           0           0           0 1.78421e-05           0           0           0           0           0
          0           0           0           0           0           0           0           0           0 7.74924e-05           0           0           0           0
          0           0           0           0           0           0           0           0           0           0 4.42496e-06           0           0           0
          0           0           0           0           0           0           0           0           0           0           0 7.39553e-05           0           0
          0           0           0           0           0           0           0           0           0           0           0           0 4.13828e-06           0
          0           0           0           0           0           0           0           0           0           0           0           0           0 4.90852e-06
PSO Seeded At: 0.443452  0.621577 0.0777786  0.291195  0.936106  0.249476| cost:2.01732
PSO Estimation Has Begun, This may take some time...
Simulated Xt Moments for time 120:8.01767 8.24736 3.10561 12.3898  64.283  68.019 9.64482 153.506 66.1246 24.8998  99.337 25.6131 102.183 38.4778
Final Evolved Matrix
8.01767 8.24736 3.10561 12.3898
8.01767 8.24736 3.10561 12.3898
8.01767 8.24736 3.10561 12.3898
8.01767 8.24736 3.10561 12.3898
8.01767 8.24736 3.10561 12.3898
8.01767 8.24736 3.10561 12.3898
8.01767 8.24736 3.10561 12.3898
8.01767 8.24736 3.10561 12.3898
8.01767 8.24736 3.10561 12.3897
8.01767 8.24736 3.10561 12.3898
8.01767 8.24736 3.10561 12.3897
8.01767 8.24736 3.10561 12.3898
8.01767 8.24736 3.10561 12.3898
8.01767 8.24736 3.10561 12.3898
8.01767 8.24736 3.10561 12.3898
8.01767 8.24736 3.10561 12.3898
8.01767 8.24736 3.10561 12.3898
8.01767 8.24736 3.10561 12.3898
8.01767 8.24736 3.10561 12.3898
8.01767 8.24736 3.10561 12.3898
8.01767 8.24736 3.10561 12.3898
8.01767 8.24736 3.10561 12.3898
8.01767 8.24736 3.10561 12.3898
8.01767 8.24736 3.10561 12.3898
8.01767 8.24736 3.10561 12.3898
8.01767 8.24736 3.10561 12.3898
8.01767 8.24736 3.10561 12.3898
8.01767 8.24736 3.10561 12.3898
8.01767 8.24736 3.10561 12.3898
8.01767 8.24736 3.10561 12.3898
8.01767 8.24736 3.10561 12.3898
8.01767 8.24736 3.10561 12.3898
8.01767 8.24736 3.10561 12.3898
8.01767 8.24736 3.10561 12.3898
8.01767 8.24736 3.10561 12.3898
8.01767 8.24736 3.10561 12.3898
8.01767 8.24736 3.10561 12.3898
8.01767 8.24736 3.10561 12.3898
8.01767 8.24736 3.10561 12.3897
8.01767 8.24736 3.10561 12.3898
8.01767 8.24736 3.10561 12.3898
8.01767 8.24736 3.10561 12.3898
8.01767 8.24736 3.10561 12.3898
8.01767 8.24736 3.10561 12.3898
8.01767 8.24736 3.10561 12.3898
8.01767 8.24736 3.10561 12.3898
8.01767 8.24736 3.10561 12.3898
8.01767 8.24736 3.10561 12.3898
8.01767 8.24736 3.10561 12.3898
8.01767 8.24736 3.10561 12.3898
8.01767 8.24736 3.10561 12.3898
8.01767 8.24736 3.10561 12.3898
8.01767 8.24736 3.10561 12.3898
8.01767 8.24736 3.10561 12.3898
8.01767 8.24736 3.10561 12.3898
8.01767 8.24736 3.10561 12.3898
8.01767 8.24736 3.10561 12.3898
8.01767 8.24736 3.10561 12.3897
8.01767 8.24736 3.10561 12.3898
8.01767 8.24736 3.10561 12.3898
8.01767 8.24736 3.10561 12.3898
8.01767 8.24736 3.10561 12.3898
8.01767 8.24736 3.10561 12.3898
8.01767 8.24736 3.10561 12.3898
8.01767 8.24736 3.10561 12.3898
8.01767 8.24736 3.10561 12.3898
8.01767 8.24736 3.10561 12.3898
8.01767 8.24736 3.10561 12.3898
8.01767 8.24736 3.10561 12.3898
8.01767 8.24736 3.10561 12.3898
8.01767 8.24736 3.10561 12.3898
8.01767 8.24736 3.10561 12.3898
8.01767 8.24736 3.10561 12.3898
8.01767 8.24736 3.10561 12.3898
8.01767 8.24736 3.10561 12.3898
8.01767 8.24736 3.10561 12.3898
8.01767 8.24736 3.10561 12.3898
8.01767 8.24736 3.10561 12.3898
8.01767 8.24736 3.10561 12.3898
8.01767 8.24736 3.10561 12.3898
8.01767 8.24736 3.10561 12.3897
8.01767 8.24736 3.10561 12.3898
8.01767 8.24736 3.10561 12.3898
8.01767 8.24736 3.10561 12.3898
8.01767 8.24736 3.10561 12.3898
8.01767 8.24736 3.10561 12.3898
8.01767 8.24736 3.10561 12.3898
8.01767 8.24736 3.10561 12.3898
8.01767 8.24736 3.10561 12.3898
8.01767 8.24736 3.10561 12.3898
8.01767 8.24736 3.10561 12.3898
8.01767 8.24736 3.10561 12.3898
8.01767 8.24736 3.10561 12.3898
8.01767 8.24736 3.10561 12.3898
8.01767 8.24736 3.10561 12.3898
8.01767 8.24736 3.10561 12.3898
8.01767 8.24736 3.10561 12.3898
8.01767 8.24736 3.10561 12.3898
8.01767 8.24736 3.10561 12.3898
8.01767 8.24736 3.10561 12.3898
8.01767 8.24736 3.10561 12.3898
8.01767 8.24736 3.10561 12.3898
8.01767 8.24736 3.10561 12.3898
8.01767 8.24736 3.10561 12.3897
8.01767 8.24736 3.10561 12.3898
8.01767 8.24736 3.10561 12.3898
8.01767 8.24736 3.10561 12.3897
8.01767 8.24736 3.10561 12.3898
8.01767 8.24736 3.10561 12.3898
8.01767 8.24736 3.10561 12.3898
8.01767 8.24736 3.10561 12.3898
8.01767 8.24736 3.10561 12.3898
8.01767 8.24736 3.10561 12.3898
8.01767 8.24736 3.10561 12.3898
8.01767 8.24736 3.10561 12.3898
8.01767 8.24736 3.10561 12.3898
8.01767 8.24736 3.10561 12.3898
8.01767 8.24736 3.10561 12.3898
8.01767 8.24736 3.10561 12.3898
8.01767 8.24736 3.10561 12.3898
8.01767 8.24736 3.10561 12.3898
8.01767 8.24736 3.10561 12.3898
8.01767 8.24736 3.10561 12.3898
8.01767 8.24736 3.10561 12.3898
8.01767 8.24736 3.10561 12.3898
8.01767 8.24736 3.10561 12.3898
8.01767 8.24736 3.10561 12.3898
8.01767 8.24736 3.10561 12.3898
8.01767 8.24736 3.10561 12.3898
8.01767 8.24736 3.10561 12.3898
8.01767 8.24736 3.10561 12.3898
8.01767 8.24736 3.10561 12.3898
8.01767 8.24736 3.10561 12.3898
8.01767 8.24736 3.10561 12.3898
8.01767 8.24736 3.10561 12.3898
8.01767 8.24736 3.10561 12.3898
8.01767 8.24736 3.10561 12.3898
8.01767 8.24736 3.10561 12.3898
8.01767 8.24736 3.10561 12.3898
8.01767 8.24736 3.10561 12.3898
8.01767 8.24736 3.10561 12.3898
8.01767 8.24736 3.10561 12.3898
8.01767 8.24736 3.10561 12.3898
8.01767 8.24736 3.10561 12.3898
8.01767 8.24736 3.10561 12.3898
8.01767 8.24736 3.10561 12.3898
8.01767 8.24736 3.10561 12.3898
8.01767 8.24736 3.10561 12.3898
8.01767 8.24736 3.10561 12.3898
8.01767 8.24736 3.10561 12.3898
8.01767 8.24736 3.10561 12.3898
8.01767 8.24736 3.10561 12.3898
8.01767 8.24736 3.10561 12.3898
8.01767 8.24736 3.10561 12.3898
8.01767 8.24736 3.10561 12.3897
8.01767 8.24736 3.10561 12.3897
8.01767 8.24736 3.10561 12.3898
8.01767 8.24736 3.10561 12.3898
8.01767 8.24736 3.10561 12.3898
8.01767 8.24736 3.10561 12.3898
8.01767 8.24736 3.10561 12.3897
8.01767 8.24736 3.10561 12.3898
8.01767 8.24736 3.10561 12.3897
8.01767 8.24736 3.10561 12.3898
8.01767 8.24736 3.10561 12.3898
8.01767 8.24736 3.10561 12.3898
8.01767 8.24736 3.10561 12.3898
8.01767 8.24736 3.10561 12.3898
8.01767 8.24736 3.10561 12.3898
8.01767 8.24736 3.10561 12.3898
8.01767 8.24736 3.10561 12.3898
8.01767 8.24736 3.10561 12.3898
8.01767 8.24736 3.10561 12.3898
8.01767 8.24736 3.10561 12.3898
8.01767 8.24736 3.10561 12.3898
8.01767 8.24736 3.10561 12.3898
8.01767 8.24736 3.10561 12.3898
8.01767 8.24736 3.10561 12.3897
8.01767 8.24736 3.10561 12.3898
8.01767 8.24736 3.10561 12.3898
8.01767 8.24736 3.10561 12.3898
8.01767 8.24736 3.10561 12.3898
8.01767 8.24736 3.10561 12.3898
8.01767 8.24736 3.10561 12.3898
8.01767 8.24736 3.10561 12.3898
8.01767 8.24736 3.10561 12.3898
8.01767 8.24736 3.10561 12.3898
8.01767 8.24736 3.10561 12.3898
8.01767 8.24736 3.10561 12.3898
8.01767 8.24736 3.10561 12.3898
8.01767 8.24736 3.10561 12.3898
8.01767 8.24736 3.10561 12.3898
8.01767 8.24736 3.10561 12.3898
8.01767 8.24736 3.10561 12.3898
8.01767 8.24736 3.10561 12.3898
8.01767 8.24736 3.10561 12.3898
8.01767 8.24736 3.10561 12.3898
8.01767 8.24736 3.10561 12.3898
8.01767 8.24736 3.10561 12.3898
8.01767 8.24736 3.10561 12.3898
8.01767 8.24736 3.10561 12.3898
8.01767 8.24736 3.10561 12.3898
8.01767 8.24736 3.10561 12.3898
8.01767 8.24736 3.10561 12.3898
8.01767 8.24736 3.10561 12.3898
8.01767 8.24736 3.10561 12.3898
8.01767 8.24736 3.10561 12.3898
8.01767 8.24736 3.10561 12.3898
8.01767 8.24736 3.10561 12.3898
8.01767 8.24736 3.10561 12.3898
8.01767 8.24736 3.10561 12.3898
8.01767 8.24736 3.10561 12.3898
8.01767 8.24736 3.10561 12.3898
8.01767 8.24736 3.10561 12.3898
8.01767 8.24736 3.10561 12.3898
8.01767 8.24736 3.10561 12.3898
8.01767 8.24736 3.10561 12.3897
8.01767 8.24736 3.10561 12.3898
8.01767 8.24736 3.10561 12.3898
8.01767 8.24736 3.10561 12.3898
8.01767 8.24736 3.10561 12.3898
8.01767 8.24736 3.10561 12.3897
8.01767 8.24736 3.10561 12.3898
8.01767 8.24736 3.10561 12.3898
8.01767 8.24736 3.10561 12.3898
8.01767 8.24736 3.10561 12.3898
8.01767 8.24736 3.10561 12.3898
8.01767 8.24736 3.10561 12.3898
8.01767 8.24736 3.10561 12.3898
8.01767 8.24736 3.10561 12.3898
8.01767 8.24736 3.10561 12.3898
8.01767 8.24736 3.10561 12.3898
8.01767 8.24736 3.10561 12.3898
8.01767 8.24736 3.10561 12.3898
8.01767 8.24736 3.10561 12.3898
8.01767 8.24736 3.10561 12.3898
8.01767 8.24736 3.10561 12.3898
8.01767 8.24736 3.10561 12.3898
8.01767 8.24736 3.10561 12.3898
8.01767 8.24736 3.10561 12.3898
8.01767 8.24736 3.10561 12.3898
8.01767 8.24736 3.10561 12.3898
8.01767 8.24736 3.10561 12.3898
8.01767 8.24736 3.10561 12.3898
8.01767 8.24736 3.10561 12.3898
8.01767 8.24736 3.10561 12.3898
8.01767 8.24736 3.10561 12.3898
8.01767 8.24736 3.10561 12.3898
8.01767 8.24736 3.10561 12.3898
8.01767 8.24736 3.10561 12.3898
8.01767 8.24736 3.10561 12.3898
8.01767 8.24736 3.10561 12.3898
8.01767 8.24736 3.10561 12.3898
8.01767 8.24736 3.10561 12.3898
8.01767 8.24736 3.10561 12.3898
8.01767 8.24736 3.10561 12.3898
8.01767 8.24736 3.10561 12.3898
8.01767 8.24736 3.10561 12.3898
8.01767 8.24736 3.10561 12.3898
8.01767 8.24736 3.10561 12.3898
8.01767 8.24736 3.10561 12.3898
8.01767 8.24736 3.10561 12.3898
8.01767 8.24736 3.10561 12.3898
8.01767 8.24736 3.10561 12.3898
8.01767 8.24736 3.10561 12.3898
8.01767 8.24736 3.10561 12.3898
8.01767 8.24736 3.10561 12.3898
8.01767 8.24736 3.10561 12.3898
8.01767 8.24736 3.10561 12.3898
8.01767 8.24736 3.10561 12.3898
8.01767 8.24736 3.10561 12.3898
8.01767 8.24736 3.10561 12.3898
8.01767 8.24736 3.10561 12.3897
8.01767 8.24736 3.10561 12.3898
8.01767 8.24736 3.10561 12.3898
8.01767 8.24736 3.10561 12.3898
8.01767 8.24736 3.10561 12.3898
8.01767 8.24736 3.10561 12.3898
8.01767 8.24736 3.10561 12.3898
8.01767 8.24736 3.10561 12.3898
8.01767 8.24736 3.10561 12.3898
8.01767 8.24736 3.10561 12.3898
8.01767 8.24736 3.10561 12.3898
8.01767 8.24736 3.10561 12.3898
8.01767 8.24736 3.10561 12.3898
8.01767 8.24736 3.10561 12.3898
8.01767 8.24736 3.10561 12.3898
8.01767 8.24736 3.10561 12.3898
8.01767 8.24736 3.10561 12.3898
8.01767 8.24736 3.10561 12.3898
8.01767 8.24736 3.10561 12.3898
8.01767 8.24736 3.10561 12.3898
8.01767 8.24736 3.10561 12.3898
8.01767 8.24736 3.10561 12.3898
8.01767 8.24736 3.10561 12.3898
8.01767 8.24736 3.10561 12.3898
8.01767 8.24736 3.10561 12.3898
8.01767 8.24736 3.10561 12.3898
8.01767 8.24736 3.10561 12.3898
8.01767 8.24736 3.10561 12.3898
8.01767 8.24736 3.10561 12.3898
8.01767 8.24736 3.10561 12.3898
8.01767 8.24736 3.10561 12.3898
8.01767 8.24736 3.10561 12.3898
8.01767 8.24736 3.10561 12.3898
8.01767 8.24736 3.10561 12.3898
8.01767 8.24736 3.10561 12.3898
8.01767 8.24736 3.10561 12.3898
8.01767 8.24736 3.10561 12.3898
8.01767 8.24736 3.10561 12.3898
8.01767 8.24736 3.10561 12.3898
8.01767 8.24736 3.10561 12.3898
8.01767 8.24736 3.10561 12.3898
8.01767 8.24736 3.10561 12.3898
8.01767 8.24736 3.10561 12.3898
8.01767 8.24736 3.10561 12.3898
8.01767 8.24736 3.10561 12.3898
8.01767 8.24736 3.10561 12.3898
8.01767 8.24736 3.10561 12.3898
8.01767 8.24736 3.10561 12.3898
8.01767 8.24736 3.10561 12.3898
8.01767 8.24736 3.10561 12.3898
8.01767 8.24736 3.10561 12.3897
8.01767 8.24736 3.10561 12.3898
8.01767 8.24736 3.10561 12.3898
8.01767 8.24736 3.10561 12.3898
8.01767 8.24736 3.10561 12.3898
8.01767 8.24736 3.10561 12.3898
8.01767 8.24736 3.10561 12.3898
8.01767 8.24736 3.10561 12.3898
8.01767 8.24736 3.10561 12.3898
8.01767 8.24736 3.10561 12.3898
8.01767 8.24736 3.10561 12.3898
8.01767 8.24736 3.10561 12.3898
8.01767 8.24736 3.10561 12.3898
8.01767 8.24736 3.10561 12.3898
8.01767 8.24736 3.10561 12.3898
8.01767 8.24736 3.10561 12.3898
8.01767 8.24736 3.10561 12.3898
8.01767 8.24736 3.10561 12.3898
8.01767 8.24736 3.10561 12.3898
8.01767 8.24736 3.10561 12.3898
8.01767 8.24736 3.10561 12.3898
8.01767 8.24736 3.10561 12.3898
8.01767 8.24736 3.10561 12.3898
8.01767 8.24736 3.10561 12.3898
8.01767 8.24736 3.10561 12.3898
8.01767 8.24736 3.10561 12.3898
8.01767 8.24736 3.10561 12.3898
8.01767 8.24736 3.10561 12.3898
8.01767 8.24736 3.10561 12.3898
8.01767 8.24736 3.10561 12.3898
8.01767 8.24736 3.10561 12.3898
8.01767 8.24736 3.10561 12.3898
8.01767 8.24736 3.10561 12.3897
8.01767 8.24736 3.10561 12.3898
8.01767 8.24736 3.10561 12.3898
8.01767 8.24736 3.10561 12.3898
8.01767 8.24736 3.10561 12.3898
8.01767 8.24736 3.10561 12.3898
8.01767 8.24736 3.10561 12.3898
8.01767 8.24736 3.10561 12.3898
8.01767 8.24736 3.10561 12.3898
8.01767 8.24736 3.10561 12.3898
8.01767 8.24736 3.10561 12.3898
8.01767 8.24736 3.10561 12.3898
8.01767 8.24736 3.10561 12.3898
8.01767 8.24736 3.10561 12.3898
8.01767 8.24736 3.10561 12.3898
8.01767 8.24736 3.10561 12.3898
8.01767 8.24736 3.10561 12.3898
8.01767 8.24736 3.10561 12.3898
8.01767 8.24736 3.10561 12.3898
8.01767 8.24736 3.10561 12.3898
8.01767 8.24736 3.10561 12.3898
8.01767 8.24736 3.10561 12.3898
8.01767 8.24736 3.10561 12.3898
8.01767 8.24736 3.10561 12.3898
8.01767 8.24736 3.10561 12.3898
8.01767 8.24736 3.10561 12.3898
8.01767 8.24736 3.10561 12.3898
8.01767 8.24736 3.10561 12.3898
8.01767 8.24736 3.10561 12.3898
8.01767 8.24736 3.10561 12.3898
8.01767 8.24736 3.10561 12.3898
8.01767 8.24736 3.10561 12.3898
8.01767 8.24736 3.10561 12.3898
8.01767 8.24736 3.10561 12.3898
8.01767 8.24736 3.10561 12.3898
8.01767 8.24736 3.10561 12.3898
8.01767 8.24736 3.10561 12.3898
8.01767 8.24736 3.10561 12.3898
8.01767 8.24736 3.10561 12.3898
8.01767 8.24736 3.10561 12.3898
8.01767 8.24736 3.10561 12.3898
8.01767 8.24736 3.10561 12.3898
8.01767 8.24736 3.10561 12.3898
8.01767 8.24736 3.10561 12.3898
8.01767 8.24736 3.10561 12.3898
8.01767 8.24736 3.10561 12.3898
8.01767 8.24736 3.10561 12.3898
8.01767 8.24736 3.10561 12.3898
8.01767 8.24736 3.10561 12.3898
8.01767 8.24736 3.10561 12.3898
8.01767 8.24736 3.10561 12.3898
8.01767 8.24736 3.10561 12.3898
8.01767 8.24736 3.10561 12.3898
8.01767 8.24736 3.10561 12.3898
8.01767 8.24736 3.10561 12.3898
8.01767 8.24736 3.10561 12.3898
8.01767 8.24736 3.10561 12.3898
8.01767 8.24736 3.10561 12.3898
8.01767 8.24736 3.10561 12.3898
8.01767 8.24736 3.10561 12.3898
8.01767 8.24736 3.10561 12.3898
8.01767 8.24736 3.10561 12.3898
8.01767 8.24736 3.10561 12.3898
8.01767 8.24736 3.10561 12.3898
8.01767 8.24736 3.10561 12.3898
8.01767 8.24736 3.10561 12.3898
8.01767 8.24736 3.10561 12.3898
8.01767 8.24736 3.10561 12.3898
8.01767 8.24736 3.10561 12.3898
8.01767 8.24736 3.10561 12.3898
8.01767 8.24736 3.10561 12.3898
8.01767 8.24736 3.10561 12.3897
8.01767 8.24736 3.10561 12.3898
8.01767 8.24736 3.10561 12.3898
8.01767 8.24736 3.10561 12.3898
8.01767 8.24736 3.10561 12.3898
8.01767 8.24736 3.10561 12.3898
8.01767 8.24736 3.10561 12.3898
8.01767 8.24736 3.10561 12.3898
8.01767 8.24736 3.10561 12.3898
8.01767 8.24736 3.10561 12.3898
8.01767 8.24736 3.10561 12.3898
8.01767 8.24736 3.10561 12.3898
8.01767 8.24736 3.10561 12.3898
8.01767 8.24736 3.10561 12.3898
8.01767 8.24736 3.10561 12.3898
8.01767 8.24736 3.10561 12.3898
8.01767 8.24736 3.10561 12.3898
8.01767 8.24736 3.10561 12.3898
8.01767 8.24736 3.10561 12.3898
8.01767 8.24736 3.10561 12.3898
8.01767 8.24736 3.10561 12.3898
8.01767 8.24736 3.10561 12.3898
8.01767 8.24736 3.10561 12.3898
8.01767 8.24736 3.10561 12.3898
8.01767 8.24736 3.10561 12.3898
8.01767 8.24736 3.10561 12.3898
8.01767 8.24736 3.10561 12.3898
8.01767 8.24736 3.10561 12.3898
8.01767 8.24736 3.10561 12.3898
8.01767 8.24736 3.10561 12.3898
8.01767 8.24736 3.10561 12.3898
8.01767 8.24736 3.10561 12.3898
8.01767 8.24736 3.10561 12.3898
8.01767 8.24736 3.10561 12.3898
8.01767 8.24736 3.10561 12.3898
8.01767 8.24736 3.10561 12.3898
8.01767 8.24736 3.10561 12.3898
8.01767 8.24736 3.10561 12.3898
8.01767 8.24736 3.10561 12.3898
8.01767 8.24736 3.10561 12.3897
8.01767 8.24736 3.10561 12.3898
8.01767 8.24736 3.10561 12.3898
8.01767 8.24736 3.10561 12.3898
8.01767 8.24736 3.10561 12.3898
8.01767 8.24736 3.10561 12.3898
8.01767 8.24736 3.10561 12.3898
8.01767 8.24736 3.10561 12.3898
8.01767 8.24736 3.10561 12.3898
8.01767 8.24736 3.10561 12.3898
8.01767 8.24736 3.10561 12.3898
8.01767 8.24736 3.10561 12.3898
8.01767 8.24736 3.10561 12.3898
8.01767 8.24736 3.10561 12.3898
8.01767 8.24736 3.10561 12.3898
8.01767 8.24736 3.10561 12.3898
8.01767 8.24736 3.10561 12.3898
8.01767 8.24736 3.10561 12.3898
8.01767 8.24736 3.10561 12.3898
8.01767 8.24736 3.10561 12.3898
8.01767 8.24736 3.10561 12.3898
8.01767 8.24736 3.10561 12.3898
8.01767 8.24736 3.10561 12.3898
8.01767 8.24736 3.10561 12.3898
8.01767 8.24736 3.10561 12.3898
8.01767 8.24736 3.10561 12.3898
8.01767 8.24736 3.10561 12.3898
8.01767 8.24736 3.10561 12.3898
8.01767 8.24736 3.10561 12.3898
8.01767 8.24736 3.10561 12.3898
8.01767 8.24736 3.10561 12.3898
8.01767 8.24736 3.10561 12.3898
8.01767 8.24736 3.10561 12.3898
8.01767 8.24736 3.10561 12.3898
8.01767 8.24736 3.10561 12.3898
8.01767 8.24736 3.10561 12.3898
8.01767 8.24736 3.10561 12.3898
8.01767 8.24736 3.10561 12.3898
8.01767 8.24736 3.10561 12.3898
8.01767 8.24736 3.10561 12.3898
8.01767 8.24736 3.10561 12.3898
8.01767 8.24736 3.10561 12.3898
8.01767 8.24736 3.10561 12.3898
8.01767 8.24736 3.10561 12.3898
8.01767 8.24736 3.10561 12.3898
8.01767 8.24736 3.10561 12.3898
8.01767 8.24736 3.10561 12.3898
8.01767 8.24736 3.10561 12.3898
8.01767 8.24736 3.10561 12.3898
8.01767 8.24736 3.10561 12.3898
8.01767 8.24736 3.10561 12.3898
8.01767 8.24736 3.10561 12.3898
8.01767 8.24736 3.10561 12.3898
8.01767 8.24736 3.10561 12.3898
8.01767 8.24736 3.10561 12.3898
8.01767 8.24736 3.10561 12.3898
8.01767 8.24736 3.10561 12.3898
8.01767 8.24736 3.10561 12.3898
8.01767 8.24736 3.10561 12.3898
8.01767 8.24736 3.10561 12.3898
8.01767 8.24736 3.10561 12.3898
8.01767 8.24736 3.10561 12.3898
8.01767 8.24736 3.10561 12.3898
8.01767 8.24736 3.10561 12.3898
8.01767 8.24736 3.10561 12.3898
8.01767 8.24736 3.10561 12.3898
8.01767 8.24736 3.10561 12.3898
8.01767 8.24736 3.10561 12.3898
8.01767 8.24736 3.10561 12.3898
8.01767 8.24736 3.10561 12.3898
8.01767 8.24736 3.10561 12.3898
8.01767 8.24736 3.10561 12.3898
8.01767 8.24736 3.10561 12.3898
8.01767 8.24736 3.10561 12.3898
8.01767 8.24736 3.10561 12.3898
8.01767 8.24736 3.10561 12.3897
8.01767 8.24736 3.10561 12.3898
8.01767 8.24736 3.10561 12.3898
8.01767 8.24736 3.10561 12.3898
8.01767 8.24736 3.10561 12.3898
8.01767 8.24736 3.10561 12.3897
8.01767 8.24736 3.10561 12.3898
8.01767 8.24736 3.10561 12.3898
8.01767 8.24736 3.10561 12.3898
8.01767 8.24736 3.10561 12.3898
8.01767 8.24736 3.10561 12.3898
8.01767 8.24736 3.10561 12.3897
8.01767 8.24736 3.10561 12.3898
8.01767 8.24736 3.10561 12.3898
8.01767 8.24736 3.10561 12.3898
8.01767 8.24736 3.10561 12.3898
8.01767 8.24736 3.10561 12.3898
8.01767 8.24736 3.10561 12.3898
8.01767 8.24736 3.10561 12.3898
8.01767 8.24736 3.10561 12.3898
8.01767 8.24736 3.10561 12.3898
8.01767 8.24736 3.10561 12.3898
8.01767 8.24736 3.10561 12.3898
8.01767 8.24736 3.10561 12.3898
8.01767 8.24736 3.10561 12.3898
8.01767 8.24736 3.10561 12.3898
8.01767 8.24736 3.10561 12.3898
8.01767 8.24736 3.10561 12.3898
8.01767 8.24736 3.10561 12.3898
8.01767 8.24736 3.10561 12.3898
8.01767 8.24736 3.10561 12.3898
8.01767 8.24736 3.10561 12.3898
8.01767 8.24736 3.10561 12.3898
8.01767 8.24736 3.10561 12.3898
8.01767 8.24736 3.10561 12.3898
8.01767 8.24736 3.10561 12.3898
8.01767 8.24736 3.10561 12.3898
8.01767 8.24736 3.10561 12.3898
8.01767 8.24736 3.10561 12.3898
8.01767 8.24736 3.10561 12.3898
8.01767 8.24736 3.10561 12.3898
8.01767 8.24736 3.10561 12.3898
8.01767 8.24736 3.10561 12.3898
8.01767 8.24736 3.10561 12.3898
8.01767 8.24736 3.10561 12.3898
8.01767 8.24736 3.10561 12.3898
8.01767 8.24736 3.10561 12.3898
8.01767 8.24736 3.10561 12.3898
8.01767 8.24736 3.10561 12.3898
8.01767 8.24736 3.10561 12.3898
8.01767 8.24736 3.10561 12.3898
8.01767 8.24736 3.10561 12.3898
8.01767 8.24736 3.10561 12.3898
8.01767 8.24736 3.10561 12.3897
8.01767 8.24736 3.10561 12.3898
8.01767 8.24736 3.10561 12.3898
8.01767 8.24736 3.10561 12.3898
8.01767 8.24736 3.10561 12.3898
8.01767 8.24736 3.10561 12.3898
8.01767 8.24736 3.10561 12.3898
8.01767 8.24736 3.10561 12.3898
8.01767 8.24736 3.10561 12.3898
8.01767 8.24736 3.10561 12.3898
8.01767 8.24736 3.10561 12.3897
8.01767 8.24736 3.10561 12.3898
8.01767 8.24736 3.10561 12.3898
8.01767 8.24736 3.10561 12.3898
8.01767 8.24736 3.10561 12.3898
8.01767 8.24736 3.10561 12.3898
8.01767 8.24736 3.10561 12.3898
8.01767 8.24736 3.10561 12.3898
8.01767 8.24736 3.10561 12.3898
8.01767 8.24736 3.10561 12.3898
8.01767 8.24736 3.10561 12.3898
8.01767 8.24736 3.10561 12.3898
8.01767 8.24736 3.10561 12.3898
8.01767 8.24736 3.10561 12.3898
8.01767 8.24736 3.10561 12.3898
8.01767 8.24736 3.10561 12.3898
8.01767 8.24736 3.10561 12.3898
8.01767 8.24736 3.10561 12.3898
8.01767 8.24736 3.10561 12.3898
8.01767 8.24736 3.10561 12.3898
8.01767 8.24736 3.10561 12.3898
8.01767 8.24736 3.10561 12.3898
8.01767 8.24736 3.10561 12.3898
8.01767 8.24736 3.10561 12.3898
8.01767 8.24736 3.10561 12.3898
8.01767 8.24736 3.10561 12.3898
8.01767 8.24736 3.10561 12.3898
8.01767 8.24736 3.10561 12.3898
8.01767 8.24736 3.10561 12.3898
8.01767 8.24736 3.10561 12.3898
8.01767 8.24736 3.10561 12.3898
8.01767 8.24736 3.10561 12.3898
8.01767 8.24736 3.10561 12.3898
8.01767 8.24736 3.10561 12.3898
8.01767 8.24736 3.10561 12.3898
8.01767 8.24736 3.10561 12.3898
8.01767 8.24736 3.10561 12.3898
8.01767 8.24736 3.10561 12.3898
8.01767 8.24736 3.10561 12.3898
8.01767 8.24736 3.10561 12.3898
8.01767 8.24736 3.10561 12.3898
8.01767 8.24736 3.10561 12.3898
8.01767 8.24736 3.10561 12.3898
8.01767 8.24736 3.10561 12.3898
8.01767 8.24736 3.10561 12.3898
8.01767 8.24736 3.10561 12.3898
8.01767 8.24736 3.10561 12.3897
8.01767 8.24736 3.10561 12.3898
8.01767 8.24736 3.10561 12.3898
8.01767 8.24736 3.10561 12.3898
8.01767 8.24736 3.10561 12.3898
8.01767 8.24736 3.10561 12.3898
8.01767 8.24736 3.10561 12.3898
8.01767 8.24736 3.10561 12.3898
8.01767 8.24736 3.10561 12.3898
8.01767 8.24736 3.10561 12.3898
8.01767 8.24736 3.10561 12.3898
8.01767 8.24736 3.10561 12.3898
8.01767 8.24736 3.10561 12.3898
8.01767 8.24736 3.10561 12.3898
8.01767 8.24736 3.10561 12.3898
8.01767 8.24736 3.10561 12.3898
8.01767 8.24736 3.10561 12.3898
8.01767 8.24736 3.10561 12.3898
8.01767 8.24736 3.10561 12.3898
8.01767 8.24736 3.10561 12.3898
8.01767 8.24736 3.10561 12.3898
8.01767 8.24736 3.10561 12.3898
8.01767 8.24736 3.10561 12.3897
8.01767 8.24736 3.10561 12.3898
8.01767 8.24736 3.10561 12.3898
8.01767 8.24736 3.10561 12.3898
8.01767 8.24736 3.10561 12.3898
8.01767 8.24736 3.10561 12.3898
8.01767 8.24736 3.10561 12.3898
8.01767 8.24736 3.10561 12.3898
8.01767 8.24736 3.10561 12.3898
8.01767 8.24736 3.10561 12.3898
8.01767 8.24736 3.10561 12.3897
8.01767 8.24736 3.10561 12.3898
8.01767 8.24736 3.10561 12.3898
8.01767 8.24736 3.10561 12.3898
8.01767 8.24736 3.10561 12.3898
8.01767 8.24736 3.10561 12.3898
8.01767 8.24736 3.10561 12.3898
8.01767 8.24736 3.10561 12.3898
8.01767 8.24736 3.10561 12.3898
8.01767 8.24736 3.10561 12.3898
8.01767 8.24736 3.10561 12.3898
8.01767 8.24736 3.10561 12.3898
8.01767 8.24736 3.10561 12.3898
8.01767 8.24736 3.10561 12.3898
8.01767 8.24736 3.10561 12.3898
8.01767 8.24736 3.10561 12.3898
8.01767 8.24736 3.10561 12.3898
8.01767 8.24736 3.10561 12.3898
8.01767 8.24736 3.10561 12.3898
8.01767 8.24736 3.10561 12.3898
8.01767 8.24736 3.10561 12.3898
8.01767 8.24736 3.10561 12.3898
8.01767 8.24736 3.10561 12.3898
8.01767 8.24736 3.10561 12.3898
8.01767 8.24736 3.10561 12.3898
8.01767 8.24736 3.10561 12.3898
8.01767 8.24736 3.10561 12.3898
8.01767 8.24736 3.10561 12.3898
8.01767 8.24736 3.10561 12.3898
8.01767 8.24736 3.10561 12.3898
8.01767 8.24736 3.10561 12.3898
8.01767 8.24736 3.10561 12.3898
8.01767 8.24736 3.10561 12.3898
8.01767 8.24736 3.10561 12.3898
8.01767 8.24736 3.10561 12.3898
8.01767 8.24736 3.10561 12.3898
8.01767 8.24736 3.10561 12.3898
8.01767 8.24736 3.10561 12.3898
8.01767 8.24736 3.10561 12.3898
8.01767 8.24736 3.10561 12.3898
8.01767 8.24736 3.10561 12.3898
8.01767 8.24736 3.10561 12.3898
8.01767 8.24736 3.10561 12.3898
8.01767 8.24736 3.10561 12.3898
8.01767 8.24736 3.10561 12.3898
8.01767 8.24736 3.10561 12.3898
8.01767 8.24736 3.10561 12.3898
8.01767 8.24736 3.10561 12.3898
8.01767 8.24736 3.10561 12.3898
8.01767 8.24736 3.10561 12.3898
8.01767 8.24736 3.10561 12.3898
8.01767 8.24736 3.10561 12.3898
8.01767 8.24736 3.10561 12.3898
8.01767 8.24736 3.10561 12.3898
8.01767 8.24736 3.10561 12.3898
8.01767 8.24736 3.10561 12.3897
8.01767 8.24736 3.10561 12.3898
8.01767 8.24736 3.10561 12.3898
8.01767 8.24736 3.10561 12.3898
8.01767 8.24736 3.10561 12.3898
8.01767 8.24736 3.10561 12.3898
8.01767 8.24736 3.10561 12.3898
8.01767 8.24736 3.10561 12.3898
8.01767 8.24736 3.10561 12.3898
8.01767 8.24736 3.10561 12.3898
8.01767 8.24736 3.10561 12.3898
8.01767 8.24736 3.10561 12.3898
8.01767 8.24736 3.10561 12.3898
8.01767 8.24736 3.10561 12.3898
8.01767 8.24736 3.10561 12.3898
8.01767 8.24736 3.10561 12.3898
8.01767 8.24736 3.10561 12.3898
8.01767 8.24736 3.10561 12.3897
8.01767 8.24736 3.10561 12.3898
8.01767 8.24736 3.10561 12.3898
8.01767 8.24736 3.10561 12.3898
8.01767 8.24736 3.10561 12.3898
8.01767 8.24736 3.10561 12.3898
8.01767 8.24736 3.10561 12.3897
8.01767 8.24736 3.10561 12.3898
8.01767 8.24736 3.10561 12.3898
8.01767 8.24736 3.10561 12.3898
8.01767 8.24736 3.10561 12.3898
8.01767 8.24736 3.10561 12.3898
8.01767 8.24736 3.10561 12.3898
8.01767 8.24736 3.10561 12.3897
8.01767 8.24736 3.10561 12.3897
8.01767 8.24736 3.10561 12.3898
8.01767 8.24736 3.10561 12.3898
8.01767 8.24736 3.10561 12.3898
8.01767 8.24736 3.10561 12.3898
8.01767 8.24736 3.10561 12.3898
8.01767 8.24736 3.10561 12.3898
8.01767 8.24736 3.10561 12.3898
8.01767 8.24736 3.10561 12.3898
8.01767 8.24736 3.10561 12.3898
8.01767 8.24736 3.10561 12.3898
8.01767 8.24736 3.10561 12.3898
8.01767 8.24736 3.10561 12.3898
8.01767 8.24736 3.10561 12.3898
8.01767 8.24736 3.10561 12.3898
8.01767 8.24736 3.10561 12.3898
8.01767 8.24736 3.10561 12.3898
8.01767 8.24736 3.10561 12.3898
8.01767 8.24736 3.10561 12.3898
8.01767 8.24736 3.10561 12.3898
8.01767 8.24736 3.10561 12.3898
8.01767 8.24736 3.10561 12.3898
8.01767 8.24736 3.10561 12.3898
8.01767 8.24736 3.10561 12.3898
8.01767 8.24736 3.10561 12.3898
8.01767 8.24736 3.10561 12.3898
8.01767 8.24736 3.10561 12.3898
8.01767 8.24736 3.10561 12.3898
8.01767 8.24736 3.10561 12.3898
8.01767 8.24736 3.10561 12.3898
8.01767 8.24736 3.10561 12.3898
8.01767 8.24736 3.10561 12.3898
8.01767 8.24736 3.10561 12.3898
8.01767 8.24736 3.10561 12.3898
8.01767 8.24736 3.10561 12.3898
8.01767 8.24736 3.10561 12.3898
8.01767 8.24736 3.10561 12.3898
8.01767 8.24736 3.10561 12.3898
8.01767 8.24736 3.10561 12.3898
8.01767 8.24736 3.10561 12.3898
8.01767 8.24736 3.10561 12.3898
8.01767 8.24736 3.10561 12.3898
8.01767 8.24736 3.10561 12.3898
8.01767 8.24736 3.10561 12.3898
8.01767 8.24736 3.10561 12.3898
8.01767 8.24736 3.10561 12.3898
8.01767 8.24736 3.10561 12.3898
8.01767 8.24736 3.10561 12.3898
8.01767 8.24736 3.10561 12.3898
8.01767 8.24736 3.10561 12.3898
8.01767 8.24736 3.10561 12.3898
8.01767 8.24736 3.10561 12.3898
8.01767 8.24736 3.10561 12.3897
8.01767 8.24736 3.10561 12.3898
8.01767 8.24736 3.10561 12.3898
8.01767 8.24736 3.10561 12.3898
8.01767 8.24736 3.10561 12.3898
8.01767 8.24736 3.10561 12.3898
8.01767 8.24736 3.10561 12.3898
8.01767 8.24736 3.10561 12.3898
8.01767 8.24736 3.10561 12.3897
8.01767 8.24736 3.10561 12.3898
8.01767 8.24736 3.10561 12.3898
8.01767 8.24736 3.10561 12.3898
8.01767 8.24736 3.10561 12.3898
8.01767 8.24736 3.10561 12.3898
8.01767 8.24736 3.10561 12.3898
8.01767 8.24736 3.10561 12.3898
8.01767 8.24736 3.10561 12.3898
8.01767 8.24736 3.10561 12.3898
8.01767 8.24736 3.10561 12.3898
8.01767 8.24736 3.10561 12.3897
8.01767 8.24736 3.10561 12.3898
8.01767 8.24736 3.10561 12.3898
8.01767 8.24736 3.10561 12.3898
8.01767 8.24736 3.10561 12.3898
8.01767 8.24736 3.10561 12.3897
8.01767 8.24736 3.10561 12.3898
8.01767 8.24736 3.10561 12.3898
8.01767 8.24736 3.10561 12.3898
8.01767 8.24736 3.10561 12.3898
8.01767 8.24736 3.10561 12.3898
8.01767 8.24736 3.10561 12.3898
8.01767 8.24736 3.10561 12.3898
8.01767 8.24736 3.10561 12.3898
8.01767 8.24736 3.10561 12.3898
8.01767 8.24736 3.10561 12.3898
8.01767 8.24736 3.10561 12.3898
8.01767 8.24736 3.10561 12.3898
8.01767 8.24736 3.10561 12.3898
8.01767 8.24736 3.10561 12.3898
8.01767 8.24736 3.10561 12.3898
8.01767 8.24736 3.10561 12.3898
8.01767 8.24736 3.10561 12.3898
8.01767 8.24736 3.10561 12.3898
8.01767 8.24736 3.10561 12.3898
8.01767 8.24736 3.10561 12.3898
8.01767 8.24736 3.10561 12.3898
8.01767 8.24736 3.10561 12.3898
8.01767 8.24736 3.10561 12.3898
8.01767 8.24736 3.10561 12.3898
8.01767 8.24736 3.10561 12.3898
8.01767 8.24736 3.10561 12.3898
8.01767 8.24736 3.10561 12.3898
8.01767 8.24736 3.10561 12.3898
8.01767 8.24736 3.10561 12.3898
8.01767 8.24736 3.10561 12.3898
8.01767 8.24736 3.10561 12.3898
8.01767 8.24736 3.10561 12.3898
8.01767 8.24736 3.10561 12.3898
8.01767 8.24736 3.10561 12.3898
8.01767 8.24736 3.10561 12.3898
8.01767 8.24736 3.10561 12.3898
8.01767 8.24736 3.10561 12.3898
8.01767 8.24736 3.10561 12.3898
8.01767 8.24736 3.10561 12.3898
8.01767 8.24736 3.10561 12.3898
8.01767 8.24736 3.10561 12.3898
8.01767 8.24736 3.10561 12.3898
8.01767 8.24736 3.10561 12.3898
8.01767 8.24736 3.10561 12.3898
8.01767 8.24736 3.10561 12.3898
8.01767 8.24736 3.10561 12.3898
8.01767 8.24736 3.10561 12.3897
8.01767 8.24736 3.10561 12.3898
8.01767 8.24736 3.10561 12.3898
8.01767 8.24736 3.10561 12.3898
8.01767 8.24736 3.10561 12.3898
8.01767 8.24736 3.10561 12.3898
8.01767 8.24736 3.10561 12.3898
8.01767 8.24736 3.10561 12.3898
8.01767 8.24736 3.10561 12.3898
8.01767 8.24736 3.10561 12.3897
8.01767 8.24736 3.10561 12.3898
8.01767 8.24736 3.10561 12.3898
8.01767 8.24736 3.10561 12.3898
8.01767 8.24736 3.10561 12.3898
8.01767 8.24736 3.10561 12.3898
8.01767 8.24736 3.10561 12.3898
8.01767 8.24736 3.10561 12.3898
8.01767 8.24736 3.10561 12.3898
8.01767 8.24736 3.10561 12.3898
8.01767 8.24736 3.10561 12.3898
8.01767 8.24736 3.10561 12.3898
8.01767 8.24736 3.10561 12.3898
8.01767 8.24736 3.10561 12.3898
8.01767 8.24736 3.10561 12.3898
8.01767 8.24736 3.10561 12.3898
8.01767 8.24736 3.10561 12.3898
8.01767 8.24736 3.10561 12.3898
8.01767 8.24736 3.10561 12.3898
8.01767 8.24736 3.10561 12.3898
8.01767 8.24736 3.10561 12.3898
8.01767 8.24736 3.10561 12.3898
8.01767 8.24736 3.10561 12.3898
8.01767 8.24736 3.10561 12.3897
8.01767 8.24736 3.10561 12.3898
8.01767 8.24736 3.10561 12.3898
8.01767 8.24736 3.10561 12.3898
8.01767 8.24736 3.10561 12.3898
8.01767 8.24736 3.10561 12.3898
8.01767 8.24736 3.10561 12.3898
8.01767 8.24736 3.10561 12.3898
8.01767 8.24736 3.10561 12.3898
8.01767 8.24736 3.10561 12.3898
8.01767 8.24736 3.10561 12.3897
8.01767 8.24736 3.10561 12.3898
8.01767 8.24736 3.10561 12.3898
8.01767 8.24736 3.10561 12.3898
8.01767 8.24736 3.10561 12.3898
8.01767 8.24736 3.10561 12.3898
8.01767 8.24736 3.10561 12.3898
8.01767 8.24736 3.10561 12.3898
8.01767 8.24736 3.10561 12.3898
8.01767 8.24736 3.10561 12.3898
8.01767 8.24736 3.10561 12.3898
8.01767 8.24736 3.10561 12.3898
8.01767 8.24736 3.10561 12.3898
8.01767 8.24736 3.10561 12.3898
8.01767 8.24736 3.10561 12.3898
8.01767 8.24736 3.10561 12.3898
8.01767 8.24736 3.10561 12.3898
8.01767 8.24736 3.10561 12.3898
8.01767 8.24736 3.10561 12.3898
8.01767 8.24736 3.10561 12.3898
8.01767 8.24736 3.10561 12.3898
8.01767 8.24736 3.10561 12.3898
8.01767 8.24736 3.10561 12.3898
8.01767 8.24736 3.10561 12.3898
8.01767 8.24736 3.10561 12.3898
8.01767 8.24736 3.10561 12.3898
8.01767 8.24736 3.10561 12.3898
8.01767 8.24736 3.10561 12.3898
8.01767 8.24736 3.10561 12.3898
8.01767 8.24736 3.10561 12.3898
8.01767 8.24736 3.10561 12.3898
8.01767 8.24736 3.10561 12.3898
8.01767 8.24736 3.10561 12.3898
8.01767 8.24736 3.10561 12.3898
8.01767 8.24736 3.10561 12.3898
8.01767 8.24736 3.10561 12.3898
8.01767 8.24736 3.10561 12.3898
8.01767 8.24736 3.10561 12.3898
8.01767 8.24736 3.10561 12.3898
8.01767 8.24736 3.10561 12.3898
8.01767 8.24736 3.10561 12.3898
8.01767 8.24736 3.10561 12.3898
8.01767 8.24736 3.10561 12.3898
8.01767 8.24736 3.10561 12.3898
8.01767 8.24736 3.10561 12.3898
8.01767 8.24736 3.10561 12.3898
8.01767 8.24736 3.10561 12.3898
8.01767 8.24736 3.10561 12.3898
8.01767 8.24736 3.10561 12.3898
8.01767 8.24736 3.10561 12.3898
8.01767 8.24736 3.10561 12.3898
8.01767 8.24736 3.10561 12.3898
8.01767 8.24736 3.10561 12.3898
8.01767 8.24736 3.10561 12.3898
8.01767 8.24736 3.10561 12.3897
8.01767 8.24736 3.10561 12.3898
8.01767 8.24736 3.10561 12.3898
8.01767 8.24736 3.10561 12.3898
8.01767 8.24736 3.10561 12.3898
8.01767 8.24736 3.10561 12.3897
8.01767 8.24736 3.10561 12.3898
8.01767 8.24736 3.10561 12.3897
8.01767 8.24736 3.10561 12.3898
8.01767 8.24736 3.10561 12.3898
8.01767 8.24736 3.10561 12.3898
8.01767 8.24736 3.10561 12.3897
8.01767 8.24736 3.10561 12.3898
8.01767 8.24736 3.10561 12.3898
8.01767 8.24736 3.10561 12.3898
8.01767 8.24736 3.10561 12.3898
8.01767 8.24736 3.10561 12.3898
8.01767 8.24736 3.10561 12.3898
8.01767 8.24736 3.10561 12.3898
8.01767 8.24736 3.10561 12.3898
8.01767 8.24736 3.10561 12.3898
8.01767 8.24736 3.10561 12.3898
8.01767 8.24736 3.10561 12.3898
8.01767 8.24736 3.10561 12.3897
8.01767 8.24736 3.10561 12.3898
8.01767 8.24736 3.10561 12.3898
8.01767 8.24736 3.10561 12.3898
8.01767 8.24736 3.10561 12.3898
8.01767 8.24736 3.10561 12.3898
8.01767 8.24736 3.10561 12.3898
8.01767 8.24736 3.10561 12.3897
8.01767 8.24736 3.10561 12.3898
8.01767 8.24736 3.10561 12.3898
8.01767 8.24736 3.10561 12.3898
8.01767 8.24736 3.10561 12.3898
8.01767 8.24736 3.10561 12.3898
8.01767 8.24736 3.10561 12.3898
8.01767 8.24736 3.10561 12.3898
8.01767 8.24736 3.10561 12.3898
8.01767 8.24736 3.10561 12.3898
8.01767 8.24736 3.10561 12.3897
8.01767 8.24736 3.10561 12.3898
8.01767 8.24736 3.10561 12.3898
8.01767 8.24736 3.10561 12.3898
8.01767 8.24736 3.10561 12.3898
8.01767 8.24736 3.10561 12.3898
8.01767 8.24736 3.10561 12.3898
8.01767 8.24736 3.10561 12.3898
8.01767 8.24736 3.10561 12.3898
8.01767 8.24736 3.10561 12.3898
8.01767 8.24736 3.10561 12.3898
8.01767 8.24736 3.10561 12.3898
8.01767 8.24736 3.10561 12.3898
8.01767 8.24736 3.10561 12.3898
8.01767 8.24736 3.10561 12.3898
8.01767 8.24736 3.10561 12.3898
8.01767 8.24736 3.10561 12.3898
8.01767 8.24736 3.10561 12.3898
8.01767 8.24736 3.10561 12.3898
8.01767 8.24736 3.10561 12.3898
8.01767 8.24736 3.10561 12.3898
8.01767 8.24736 3.10561 12.3898
8.01767 8.24736 3.10561 12.3898
8.01767 8.24736 3.10561 12.3898
8.01767 8.24736 3.10561 12.3898
8.01767 8.24736 3.10561 12.3898
8.01767 8.24736 3.10561 12.3898
8.01767 8.24736 3.10561 12.3898
8.01767 8.24736 3.10561 12.3898
8.01767 8.24736 3.10561 12.3898
8.01767 8.24736 3.10561 12.3898
8.01767 8.24736 3.10561 12.3898
8.01767 8.24736 3.10561 12.3898
8.01767 8.24736 3.10561 12.3898
8.01767 8.24736 3.10561 12.3898
8.01767 8.24736 3.10561 12.3898
8.01767 8.24736 3.10561 12.3898
8.01767 8.24736 3.10561 12.3898
8.01767 8.24736 3.10561 12.3898
8.01767 8.24736 3.10561 12.3898
8.01767 8.24736 3.10561 12.3898
8.01767 8.24736 3.10561 12.3898
8.01767 8.24736 3.10561 12.3898
8.01767 8.24736 3.10561 12.3898
8.01767 8.24736 3.10561 12.3898
8.01767 8.24736 3.10561 12.3897
8.01767 8.24736 3.10561 12.3898
8.01767 8.24736 3.10561 12.3898
8.01767 8.24736 3.10561 12.3898
8.01767 8.24736 3.10561 12.3898
8.01767 8.24736 3.10561 12.3897
8.01767 8.24736 3.10561 12.3898
8.01767 8.24736 3.10561 12.3898
8.01767 8.24736 3.10561 12.3898
8.01767 8.24736 3.10561 12.3898
8.01767 8.24736 3.10561 12.3898
8.01767 8.24736 3.10561 12.3898
8.01767 8.24736 3.10561 12.3898
8.01767 8.24736 3.10561 12.3898
8.01767 8.24736 3.10561 12.3898
8.01767 8.24736 3.10561 12.3898
8.01767 8.24736 3.10561 12.3898
8.01767 8.24736 3.10561 12.3898
8.01767 8.24736 3.10561 12.3898
8.01767 8.24736 3.10561 12.3897
8.01767 8.24736 3.10561 12.3898
8.01767 8.24736 3.10561 12.3898
8.01767 8.24736 3.10561 12.3898
8.01767 8.24736 3.10561 12.3898
8.01767 8.24736 3.10561 12.3898
8.01767 8.24736 3.10561 12.3898
8.01767 8.24736 3.10561 12.3898
8.01767 8.24736 3.10561 12.3898
8.01767 8.24736 3.10561 12.3897
8.01767 8.24736 3.10561 12.3898
8.01767 8.24736 3.10561 12.3898
8.01767 8.24736 3.10561 12.3898
8.01767 8.24736 3.10561 12.3898
8.01767 8.24736 3.10561 12.3898
8.01767 8.24736 3.10561 12.3898
8.01767 8.24736 3.10561 12.3898
8.01767 8.24736 3.10561 12.3898
8.01767 8.24736 3.10561 12.3898
8.01767 8.24736 3.10561 12.3898
8.01767 8.24736 3.10561 12.3898
8.01767 8.24736 3.10561 12.3898
8.01767 8.24736 3.10561 12.3898
8.01767 8.24736 3.10561 12.3898
8.01767 8.24736 3.10561 12.3898
8.01767 8.24736 3.10561 12.3898
8.01767 8.24736 3.10561 12.3898
8.01767 8.24736 3.10561 12.3898
8.01767 8.24736 3.10561 12.3898
8.01767 8.24736 3.10561 12.3898
8.01767 8.24736 3.10561 12.3898
8.01767 8.24736 3.10561 12.3898
8.01767 8.24736 3.10561 12.3898
8.01767 8.24736 3.10561 12.3898
8.01767 8.24736 3.10561 12.3898
8.01767 8.24736 3.10561 12.3898
8.01767 8.24736 3.10561 12.3898
8.01767 8.24736 3.10561 12.3898
8.01767 8.24736 3.10561 12.3897
8.01767 8.24736 3.10561 12.3898
8.01767 8.24736 3.10561 12.3898
8.01767 8.24736 3.10561 12.3898
8.01767 8.24736 3.10561 12.3898
8.01767 8.24736 3.10561 12.3898
8.01767 8.24736 3.10561 12.3898
8.01767 8.24736 3.10561 12.3898
8.01767 8.24736 3.10561 12.3898
8.01767 8.24736 3.10561 12.3898
8.01767 8.24736 3.10561 12.3898
8.01767 8.24736 3.10561 12.3898
8.01767 8.24736 3.10561 12.3898
8.01767 8.24736 3.10561 12.3898
8.01767 8.24736 3.10561 12.3898
8.01767 8.24736 3.10561 12.3898
8.01767 8.24736 3.10561 12.3898
8.01767 8.24736 3.10561 12.3898
8.01767 8.24736 3.10561 12.3898
8.01767 8.24736 3.10561 12.3898
8.01767 8.24736 3.10561 12.3898
8.01767 8.24736 3.10561 12.3898
8.01767 8.24736 3.10561 12.3897
8.01767 8.24736 3.10561 12.3898
8.01767 8.24736 3.10561 12.3898
8.01767 8.24736 3.10561 12.3898
8.01767 8.24736 3.10561 12.3898
8.01767 8.24736 3.10561 12.3898
8.01767 8.24736 3.10561 12.3898
8.01767 8.24736 3.10561 12.3898
8.01767 8.24736 3.10561 12.3898
8.01767 8.24736 3.10561 12.3898
8.01767 8.24736 3.10561 12.3898
8.01767 8.24736 3.10561 12.3898
8.01767 8.24736 3.10561 12.3898
8.01767 8.24736 3.10561 12.3898
8.01767 8.24736 3.10561 12.3898
8.01767 8.24736 3.10561 12.3898
8.01767 8.24736 3.10561 12.3898
8.01767 8.24736 3.10561 12.3898
8.01767 8.24736 3.10561 12.3898
8.01767 8.24736 3.10561 12.3898
8.01767 8.24736 3.10561 12.3898
8.01767 8.24736 3.10561 12.3898
8.01767 8.24736 3.10561 12.3898
8.01767 8.24736 3.10561 12.3898
8.01767 8.24736 3.10561 12.3897
8.01767 8.24736 3.10561 12.3898
8.01767 8.24736 3.10561 12.3898
8.01767 8.24736 3.10561 12.3898
8.01767 8.24736 3.10561 12.3898
8.01767 8.24736 3.10561 12.3898
8.01767 8.24736 3.10561 12.3898
8.01767 8.24736 3.10561 12.3898
8.01767 8.24736 3.10561 12.3898
8.01767 8.24736 3.10561 12.3898
8.01767 8.24736 3.10561 12.3898
8.01767 8.24736 3.10561 12.3898
8.01767 8.24736 3.10561 12.3898
8.01767 8.24736 3.10561 12.3898
8.01767 8.24736 3.10561 12.3898
8.01767 8.24736 3.10561 12.3898
8.01767 8.24736 3.10561 12.3898
8.01767 8.24736 3.10561 12.3898
8.01767 8.24736 3.10561 12.3898
8.01767 8.24736 3.10561 12.3898
8.01767 8.24736 3.10561 12.3898
8.01767 8.24736 3.10561 12.3898
8.01767 8.24736 3.10561 12.3898
8.01767 8.24736 3.10561 12.3898
8.01767 8.24736 3.10561 12.3898
8.01767 8.24736 3.10561 12.3898
8.01767 8.24736 3.10561 12.3898
8.01767 8.24736 3.10561 12.3898
8.01767 8.24736 3.10561 12.3898
8.01767 8.24736 3.10561 12.3898
8.01767 8.24736 3.10561 12.3898
8.01767 8.24736 3.10561 12.3898
8.01767 8.24736 3.10561 12.3898
8.01767 8.24736 3.10561 12.3898
8.01767 8.24736 3.10561 12.3898
8.01767 8.24736 3.10561 12.3898
8.01767 8.24736 3.10561 12.3898
8.01767 8.24736 3.10561 12.3898
8.01767 8.24736 3.10561 12.3898
8.01767 8.24736 3.10561 12.3898
8.01767 8.24736 3.10561 12.3898
8.01767 8.24736 3.10561 12.3898
8.01767 8.24736 3.10561 12.3898
8.01767 8.24736 3.10561 12.3898
8.01767 8.24736 3.10561 12.3898
8.01767 8.24736 3.10561 12.3898
8.01767 8.24736 3.10561 12.3898
8.01767 8.24736 3.10561 12.3898
8.01767 8.24736 3.10561 12.3898
8.01767 8.24736 3.10561 12.3898
8.01767 8.24736 3.10561 12.3898
8.01767 8.24736 3.10561 12.3898
8.01767 8.24736 3.10561 12.3898
8.01767 8.24736 3.10561 12.3898
8.01767 8.24736 3.10561 12.3898
8.01767 8.24736 3.10561 12.3898
8.01767 8.24736 3.10561 12.3898
8.01767 8.24736 3.10561 12.3898
8.01767 8.24736 3.10561 12.3898
8.01767 8.24736 3.10561 12.3898
8.01767 8.24736 3.10561 12.3898
8.01767 8.24736 3.10561 12.3897
8.01767 8.24736 3.10561 12.3898
8.01767 8.24736 3.10561 12.3897
8.01767 8.24736 3.10561 12.3898
8.01767 8.24736 3.10561 12.3898
8.01767 8.24736 3.10561 12.3898
8.01767 8.24736 3.10561 12.3898
8.01767 8.24736 3.10561 12.3898
8.01767 8.24736 3.10561 12.3898
8.01767 8.24736 3.10561 12.3898
8.01767 8.24736 3.10561 12.3898
8.01767 8.24736 3.10561 12.3898
8.01767 8.24736 3.10561 12.3898
8.01767 8.24736 3.10561 12.3898
8.01767 8.24736 3.10561 12.3898
8.01767 8.24736 3.10561 12.3898
8.01767 8.24736 3.10561 12.3898
8.01767 8.24736 3.10561 12.3897
8.01767 8.24736 3.10561 12.3898
8.01767 8.24736 3.10561 12.3898
8.01767 8.24736 3.10561 12.3898
8.01767 8.24736 3.10561 12.3898
8.01767 8.24736 3.10561 12.3898
8.01767 8.24736 3.10561 12.3898
8.01767 8.24736 3.10561 12.3898
8.01767 8.24736 3.10561 12.3898
8.01767 8.24736 3.10561 12.3898
8.01767 8.24736 3.10561 12.3898
8.01767 8.24736 3.10561 12.3898
8.01767 8.24736 3.10561 12.3898
8.01767 8.24736 3.10561 12.3898
8.01767 8.24736 3.10561 12.3898
8.01767 8.24736 3.10561 12.3898
8.01767 8.24736 3.10561 12.3898
8.01767 8.24736 3.10561 12.3898
8.01767 8.24736 3.10561 12.3898
8.01767 8.24736 3.10561 12.3898
8.01767 8.24736 3.10561 12.3898
8.01767 8.24736 3.10561 12.3898
8.01767 8.24736 3.10561 12.3898
8.01767 8.24736 3.10561 12.3898
8.01767 8.24736 3.10561 12.3898
8.01767 8.24736 3.10561 12.3898
8.01767 8.24736 3.10561 12.3898
8.01767 8.24736 3.10561 12.3898
8.01767 8.24736 3.10561 12.3898
8.01767 8.24736 3.10561 12.3898
8.01767 8.24736 3.10561 12.3898
8.01767 8.24736 3.10561 12.3898
8.01767 8.24736 3.10561 12.3898
8.01767 8.24736 3.10561 12.3898
8.01767 8.24736 3.10561 12.3898
8.01767 8.24736 3.10561 12.3898
8.01767 8.24736 3.10561 12.3898
8.01767 8.24736 3.10561 12.3897
8.01767 8.24736 3.10561 12.3898
8.01767 8.24736 3.10561 12.3898
8.01767 8.24736 3.10561 12.3898
8.01767 8.24736 3.10561 12.3898
8.01767 8.24736 3.10561 12.3898
8.01767 8.24736 3.10561 12.3898
8.01767 8.24736 3.10561 12.3898
8.01767 8.24736 3.10561 12.3898
8.01767 8.24736 3.10561 12.3898
8.01767 8.24736 3.10561 12.3898
8.01767 8.24736 3.10561 12.3898
8.01767 8.24736 3.10561 12.3898
8.01767 8.24736 3.10561 12.3898
8.01767 8.24736 3.10561 12.3898
8.01767 8.24736 3.10561 12.3898
8.01767 8.24736 3.10561 12.3898
8.01767 8.24736 3.10561 12.3898
8.01767 8.24736 3.10561 12.3898
8.01767 8.24736 3.10561 12.3898
8.01767 8.24736 3.10561 12.3898
8.01767 8.24736 3.10561 12.3898
8.01767 8.24736 3.10561 12.3898
8.01767 8.24736 3.10561 12.3898
8.01767 8.24736 3.10561 12.3898
8.01767 8.24736 3.10561 12.3898
8.01767 8.24736 3.10561 12.3898
8.01767 8.24736 3.10561 12.3898
8.01767 8.24736 3.10561 12.3898
8.01767 8.24736 3.10561 12.3898
8.01767 8.24736 3.10561 12.3898
8.01767 8.24736 3.10561 12.3898
8.01767 8.24736 3.10561 12.3898
8.01767 8.24736 3.10561 12.3898
8.01767 8.24736 3.10561 12.3898
8.01767 8.24736 3.10561 12.3898
8.01767 8.24736 3.10561 12.3898
8.01767 8.24736 3.10561 12.3898
8.01767 8.24736 3.10561 12.3898
8.01767 8.24736 3.10561 12.3898
8.01767 8.24736 3.10561 12.3898
8.01767 8.24736 3.10561 12.3898
8.01767 8.24736 3.10561 12.3898
8.01767 8.24736 3.10561 12.3898
8.01767 8.24736 3.10561 12.3898
8.01767 8.24736 3.10561 12.3898
8.01767 8.24736 3.10561 12.3898
8.01767 8.24736 3.10561 12.3898
8.01767 8.24736 3.10561 12.3898
8.01767 8.24736 3.10561 12.3898
8.01767 8.24736 3.10561 12.3898
8.01767 8.24736 3.10561 12.3898
8.01767 8.24736 3.10561 12.3898
8.01767 8.24736 3.10561 12.3898
8.01767 8.24736 3.10561 12.3898
8.01767 8.24736 3.10561 12.3898
8.01767 8.24736 3.10561 12.3898
8.01767 8.24736 3.10561 12.3898
8.01767 8.24736 3.10561 12.3898
8.01767 8.24736 3.10561 12.3898
8.01767 8.24736 3.10561 12.3898
8.01767 8.24736 3.10561 12.3898
8.01767 8.24736 3.10561 12.3898
8.01767 8.24736 3.10561 12.3898
8.01767 8.24736 3.10561 12.3898
8.01767 8.24736 3.10561 12.3898
8.01767 8.24736 3.10561 12.3898
8.01767 8.24736 3.10561 12.3898
8.01767 8.24736 3.10561 12.3898
8.01767 8.24736 3.10561 12.3898
8.01767 8.24736 3.10561 12.3898
8.01767 8.24736 3.10561 12.3898
8.01767 8.24736 3.10561 12.3897
8.01767 8.24736 3.10561 12.3898
8.01767 8.24736 3.10561 12.3898
8.01767 8.24736 3.10561 12.3898
8.01767 8.24736 3.10561 12.3898
8.01767 8.24736 3.10561 12.3898
8.01767 8.24736 3.10561 12.3898
8.01767 8.24736 3.10561 12.3898
8.01767 8.24736 3.10561 12.3898
8.01767 8.24736 3.10561 12.3898
8.01767 8.24736 3.10561 12.3898
8.01767 8.24736 3.10561 12.3897
8.01767 8.24736 3.10561 12.3898
8.01767 8.24736 3.10561 12.3898
8.01767 8.24736 3.10561 12.3898
8.01767 8.24736 3.10561 12.3898
8.01767 8.24736 3.10561 12.3898
8.01767 8.24736 3.10561 12.3898
8.01767 8.24736 3.10561 12.3898
8.01767 8.24736 3.10561 12.3898
8.01767 8.24736 3.10561 12.3898
8.01767 8.24736 3.10561 12.3898
8.01767 8.24736 3.10561 12.3898
8.01767 8.24736 3.10561 12.3898
8.01767 8.24736 3.10561 12.3898
8.01767 8.24736 3.10561 12.3898
8.01767 8.24736 3.10561 12.3898
8.01767 8.24736 3.10561 12.3898
8.01767 8.24736 3.10561 12.3898
8.01767 8.24736 3.10561 12.3898
8.01767 8.24736 3.10561 12.3898
8.01767 8.24736 3.10561 12.3898
8.01767 8.24736 3.10561 12.3898
8.01767 8.24736 3.10561 12.3898
8.01767 8.24736 3.10561 12.3897
8.01767 8.24736 3.10561 12.3898
8.01767 8.24736 3.10561 12.3898
8.01767 8.24736 3.10561 12.3898
8.01767 8.24736 3.10561 12.3898
8.01767 8.24736 3.10561 12.3898
8.01767 8.24736 3.10561 12.3898
8.01767 8.24736 3.10561 12.3898
8.01767 8.24736 3.10561 12.3898
8.01767 8.24736 3.10561 12.3898
8.01767 8.24736 3.10561 12.3898
8.01767 8.24736 3.10561 12.3898
8.01767 8.24736 3.10561 12.3898
8.01767 8.24736 3.10561 12.3898
8.01767 8.24736 3.10561 12.3898
8.01767 8.24736 3.10561 12.3898
8.01767 8.24736 3.10561 12.3898
8.01767 8.24736 3.10561 12.3898
8.01767 8.24736 3.10561 12.3898
8.01767 8.24736 3.10561 12.3898
8.01767 8.24736 3.10561 12.3898
8.01767 8.24736 3.10561 12.3898
8.01767 8.24736 3.10561 12.3898
8.01767 8.24736 3.10561 12.3898
8.01767 8.24736 3.10561 12.3898
8.01767 8.24736 3.10561 12.3898
8.01767 8.24736 3.10561 12.3898
8.01767 8.24736 3.10561 12.3898
8.01767 8.24736 3.10561 12.3898
8.01767 8.24736 3.10561 12.3898
8.01767 8.24736 3.10561 12.3898
8.01767 8.24736 3.10561 12.3898
8.01767 8.24736 3.10561 12.3898
8.01767 8.24736 3.10561 12.3898
8.01767 8.24736 3.10561 12.3898
8.01767 8.24736 3.10561 12.3898
8.01767 8.24736 3.10561 12.3898
8.01767 8.24736 3.10561 12.3898
8.01767 8.24736 3.10561 12.3898
8.01767 8.24736 3.10561 12.3898
8.01767 8.24736 3.10561 12.3898
8.01767 8.24736 3.10561 12.3898
8.01767 8.24736 3.10561 12.3898
8.01767 8.24736 3.10561 12.3898
8.01767 8.24736 3.10561 12.3898
8.01767 8.24736 3.10561 12.3898
8.01767 8.24736 3.10561 12.3898
8.01767 8.24736 3.10561 12.3898
8.01767 8.24736 3.10561 12.3898
8.01767 8.24736 3.10561 12.3898
8.01767 8.24736 3.10561 12.3898
8.01767 8.24736 3.10561 12.3898
8.01767 8.24736 3.10561 12.3898
8.01767 8.24736 3.10561 12.3898
8.01767 8.24736 3.10561 12.3898
8.01767 8.24736 3.10561 12.3898
8.01767 8.24736 3.10561 12.3898
8.01767 8.24736 3.10561 12.3898
8.01767 8.24736 3.10561 12.3898
8.01767 8.24736 3.10561 12.3898
8.01767 8.24736 3.10561 12.3898
8.01767 8.24736 3.10561 12.3898
8.01767 8.24736 3.10561 12.3898
8.01767 8.24736 3.10561 12.3898
8.01767 8.24736 3.10561 12.3898
8.01767 8.24736 3.10561 12.3898
8.01767 8.24736 3.10561 12.3898
8.01767 8.24736 3.10561 12.3898
8.01767 8.24736 3.10561 12.3898
8.01767 8.24736 3.10561 12.3898
8.01767 8.24736 3.10561 12.3898
8.01767 8.24736 3.10561 12.3898
8.01767 8.24736 3.10561 12.3898
8.01767 8.24736 3.10561 12.3898
8.01767 8.24736 3.10561 12.3897
8.01767 8.24736 3.10561 12.3898
8.01767 8.24736 3.10561 12.3898
8.01767 8.24736 3.10561 12.3898
8.01767 8.24736 3.10561 12.3898
8.01767 8.24736 3.10561 12.3898
8.01767 8.24736 3.10561 12.3898
8.01767 8.24736 3.10561 12.3898
8.01767 8.24736 3.10561 12.3898
8.01767 8.24736 3.10561 12.3898
8.01767 8.24736 3.10561 12.3897
8.01767 8.24736 3.10561 12.3898
8.01767 8.24736 3.10561 12.3898
8.01767 8.24736 3.10561 12.3898
8.01767 8.24736 3.10561 12.3898
8.01767 8.24736 3.10561 12.3898
8.01767 8.24736 3.10561 12.3898
8.01767 8.24736 3.10561 12.3898
8.01767 8.24736 3.10561 12.3898
8.01767 8.24736 3.10561 12.3898
8.01767 8.24736 3.10561 12.3898
8.01767 8.24736 3.10561 12.3898
8.01767 8.24736 3.10561 12.3898
8.01767 8.24736 3.10561 12.3898
8.01767 8.24736 3.10561 12.3898
8.01767 8.24736 3.10561 12.3898
8.01767 8.24736 3.10561 12.3898
8.01767 8.24736 3.10561 12.3898
8.01767 8.24736 3.10561 12.3898
8.01767 8.24736 3.10561 12.3898
8.01767 8.24736 3.10561 12.3898
8.01767 8.24736 3.10561 12.3898
8.01767 8.24736 3.10561 12.3898
8.01767 8.24736 3.10561 12.3898
8.01767 8.24736 3.10561 12.3898
8.01767 8.24736 3.10561 12.3898
8.01767 8.24736 3.10561 12.3898
8.01767 8.24736 3.10561 12.3898
8.01767 8.24736 3.10561 12.3898
8.01767 8.24736 3.10561 12.3897
8.01767 8.24736 3.10561 12.3898
8.01767 8.24736 3.10561 12.3898
8.01767 8.24736 3.10561 12.3898
8.01767 8.24736 3.10561 12.3898
8.01767 8.24736 3.10561 12.3898
8.01767 8.24736 3.10561 12.3898
8.01767 8.24736 3.10561 12.3898
8.01767 8.24736 3.10561 12.3898
8.01767 8.24736 3.10561 12.3898
8.01767 8.24736 3.10561 12.3898
8.01767 8.24736 3.10561 12.3898
8.01767 8.24736 3.10561 12.3898
8.01767 8.24736 3.10561 12.3898
8.01767 8.24736 3.10561 12.3898
8.01767 8.24736 3.10561 12.3898
8.01767 8.24736 3.10561 12.3898
8.01767 8.24736 3.10561 12.3898
8.01767 8.24736 3.10561 12.3898
8.01767 8.24736 3.10561 12.3898
8.01767 8.24736 3.10561 12.3898
8.01767 8.24736 3.10561 12.3898
8.01767 8.24736 3.10561 12.3898
8.01767 8.24736 3.10561 12.3898
8.01767 8.24736 3.10561 12.3898
8.01767 8.24736 3.10561 12.3898
8.01767 8.24736 3.10561 12.3898
8.01767 8.24736 3.10561 12.3898
8.01767 8.24736 3.10561 12.3898
8.01767 8.24736 3.10561 12.3898
8.01767 8.24736 3.10561 12.3898
8.01767 8.24736 3.10561 12.3898
8.01767 8.24736 3.10561 12.3898
8.01767 8.24736 3.10561 12.3898
8.01767 8.24736 3.10561 12.3898
8.01767 8.24736 3.10561 12.3898
8.01767 8.24736 3.10561 12.3897
8.01767 8.24736 3.10561 12.3898
8.01767 8.24736 3.10561 12.3898
8.01767 8.24736 3.10561 12.3898
8.01767 8.24736 3.10561 12.3898
8.01767 8.24736 3.10561 12.3898
8.01767 8.24736 3.10561 12.3898
8.01767 8.24736 3.10561 12.3898
8.01767 8.24736 3.10561 12.3897
8.01767 8.24736 3.10561 12.3898
8.01767 8.24736 3.10561 12.3898
8.01767 8.24736 3.10561 12.3898
8.01767 8.24736 3.10561 12.3898
8.01767 8.24736 3.10561 12.3898
8.01767 8.24736 3.10561 12.3898
8.01767 8.24736 3.10561 12.3898
8.01767 8.24736 3.10561 12.3898
8.01767 8.24736 3.10561 12.3898
8.01767 8.24736 3.10561 12.3898
8.01767 8.24736 3.10561 12.3898
8.01767 8.24736 3.10561 12.3898
8.01767 8.24736 3.10561 12.3898
8.01767 8.24736 3.10561 12.3898
8.01767 8.24736 3.10561 12.3898
8.01767 8.24736 3.10561 12.3898
8.01767 8.24736 3.10561 12.3898
8.01767 8.24736 3.10561 12.3898
8.01767 8.24736 3.10561 12.3898
8.01767 8.24736 3.10561 12.3898
8.01767 8.24736 3.10561 12.3898
8.01767 8.24736 3.10561 12.3898
8.01767 8.24736 3.10561 12.3898
8.01767 8.24736 3.10561 12.3898
8.01767 8.24736 3.10561 12.3898
8.01767 8.24736 3.10561 12.3898
8.01767 8.24736 3.10561 12.3898
8.01767 8.24736 3.10561 12.3898
8.01767 8.24736 3.10561 12.3898
8.01767 8.24736 3.10561 12.3898
8.01767 8.24736 3.10561 12.3898
8.01767 8.24736 3.10561 12.3898
8.01767 8.24736 3.10561 12.3898
8.01767 8.24736 3.10561 12.3898
8.01767 8.24736 3.10561 12.3898
8.01767 8.24736 3.10561 12.3898
8.01767 8.24736 3.10561 12.3898
8.01767 8.24736 3.10561 12.3898
8.01767 8.24736 3.10561 12.3898
8.01767 8.24736 3.10561 12.3898
8.01767 8.24736 3.10561 12.3898
8.01767 8.24736 3.10561 12.3898
8.01767 8.24736 3.10561 12.3898
8.01767 8.24736 3.10561 12.3898
8.01767 8.24736 3.10561 12.3898
8.01767 8.24736 3.10561 12.3898
8.01767 8.24736 3.10561 12.3898
8.01767 8.24736 3.10561 12.3898
8.01767 8.24736 3.10561 12.3898
8.01767 8.24736 3.10561 12.3898
8.01767 8.24736 3.10561 12.3898
8.01767 8.24736 3.10561 12.3898
8.01767 8.24736 3.10561 12.3898
8.01767 8.24736 3.10561 12.3898
8.01767 8.24736 3.10561 12.3898
8.01767 8.24736 3.10561 12.3898
8.01767 8.24736 3.10561 12.3898
8.01767 8.24736 3.10561 12.3898
8.01767 8.24736 3.10561 12.3898
8.01767 8.24736 3.10561 12.3898
8.01767 8.24736 3.10561 12.3898
8.01767 8.24736 3.10561 12.3898
8.01767 8.24736 3.10561 12.3898
8.01767 8.24736 3.10561 12.3898
8.01767 8.24736 3.10561 12.3898
8.01767 8.24736 3.10561 12.3898
8.01767 8.24736 3.10561 12.3898
8.01767 8.24736 3.10561 12.3898
8.01767 8.24736 3.10561 12.3898
8.01767 8.24736 3.10561 12.3898
8.01767 8.24736 3.10561 12.3898
8.01767 8.24736 3.10561 12.3898
8.01767 8.24736 3.10561 12.3898
8.01767 8.24736 3.10561 12.3898
8.01767 8.24736 3.10561 12.3898
8.01767 8.24736 3.10561 12.3898
8.01767 8.24736 3.10561 12.3898
8.01767 8.24736 3.10561 12.3898
8.01767 8.24736 3.10561 12.3898
8.01767 8.24736 3.10561 12.3898
8.01767 8.24736 3.10561 12.3898
8.01767 8.24736 3.10561 12.3898
8.01767 8.24736 3.10561 12.3898
8.01767 8.24736 3.10561 12.3898
8.01767 8.24736 3.10561 12.3898
8.01767 8.24736 3.10561 12.3898
8.01767 8.24736 3.10561 12.3898
8.01767 8.24736 3.10561 12.3898
8.01767 8.24736 3.10561 12.3898
8.01767 8.24736 3.10561 12.3898
8.01767 8.24736 3.10561 12.3898
8.01767 8.24736 3.10561 12.3898
8.01767 8.24736 3.10561 12.3898
8.01767 8.24736 3.10561 12.3898
8.01767 8.24736 3.10561 12.3898
8.01767 8.24736 3.10561 12.3898
8.01767 8.24736 3.10561 12.3898
8.01767 8.24736 3.10561 12.3898
8.01767 8.24736 3.10561 12.3898
8.01767 8.24736 3.10561 12.3898
8.01767 8.24736 3.10561 12.3898
8.01767 8.24736 3.10561 12.3898
8.01767 8.24736 3.10561 12.3898
8.01767 8.24736 3.10561 12.3898
8.01767 8.24736 3.10561 12.3898
8.01767 8.24736 3.10561 12.3898
8.01767 8.24736 3.10561 12.3898
8.01767 8.24736 3.10561 12.3898
8.01767 8.24736 3.10561 12.3897
8.01767 8.24736 3.10561 12.3898
8.01767 8.24736 3.10561 12.3898
8.01767 8.24736 3.10561 12.3898
8.01767 8.24736 3.10561 12.3898
8.01767 8.24736 3.10561 12.3898
8.01767 8.24736 3.10561 12.3898
8.01767 8.24736 3.10561 12.3898
8.01767 8.24736 3.10561 12.3898
8.01767 8.24736 3.10561 12.3898
8.01767 8.24736 3.10561 12.3898
8.01767 8.24736 3.10561 12.3898
8.01767 8.24736 3.10561 12.3898
8.01767 8.24736 3.10561 12.3898
8.01767 8.24736 3.10561 12.3898
8.01767 8.24736 3.10561 12.3898
8.01767 8.24736 3.10561 12.3898
8.01767 8.24736 3.10561 12.3898
8.01767 8.24736 3.10561 12.3898
8.01767 8.24736 3.10561 12.3898
8.01767 8.24736 3.10561 12.3898
8.01767 8.24736 3.10561 12.3898
8.01767 8.24736 3.10561 12.3898
8.01767 8.24736 3.10561 12.3898
8.01767 8.24736 3.10561 12.3898
8.01767 8.24736 3.10561 12.3898
8.01767 8.24736 3.10561 12.3898
8.01767 8.24736 3.10561 12.3898
8.01767 8.24736 3.10561 12.3898
8.01767 8.24736 3.10561 12.3898
8.01767 8.24736 3.10561 12.3898
8.01767 8.24736 3.10561 12.3898
8.01767 8.24736 3.10561 12.3898
8.01767 8.24736 3.10561 12.3898
8.01767 8.24736 3.10561 12.3898
8.01767 8.24736 3.10561 12.3898
8.01767 8.24736 3.10561 12.3898
8.01767 8.24736 3.10561 12.3898
8.01767 8.24736 3.10561 12.3898
8.01767 8.24736 3.10561 12.3898
8.01767 8.24736 3.10561 12.3898
8.01767 8.24736 3.10561 12.3898
8.01767 8.24736 3.10561 12.3898
8.01767 8.24736 3.10561 12.3898
8.01767 8.24736 3.10561 12.3898
8.01767 8.24736 3.10561 12.3897
8.01767 8.24736 3.10561 12.3898
8.01767 8.24736 3.10561 12.3898
8.01767 8.24736 3.10561 12.3898
8.01767 8.24736 3.10561 12.3898
8.01767 8.24736 3.10561 12.3898
8.01767 8.24736 3.10561 12.3898
8.01767 8.24736 3.10561 12.3898
8.01767 8.24736 3.10561 12.3898
8.01767 8.24736 3.10561 12.3898
8.01767 8.24736 3.10561 12.3898
8.01767 8.24736 3.10561 12.3898
8.01767 8.24736 3.10561 12.3898
8.01767 8.24736 3.10561 12.3898
8.01767 8.24736 3.10561 12.3898
8.01767 8.24736 3.10561 12.3898
8.01767 8.24736 3.10561 12.3898
8.01767 8.24736 3.10561 12.3898
8.01767 8.24736 3.10561 12.3898
8.01767 8.24736 3.10561 12.3898
8.01767 8.24736 3.10561 12.3898
8.01767 8.24736 3.10561 12.3898
8.01767 8.24736 3.10561 12.3898
8.01767 8.24736 3.10561 12.3898
8.01767 8.24736 3.10561 12.3898
8.01767 8.24736 3.10561 12.3898
8.01767 8.24736 3.10561 12.3898
8.01767 8.24736 3.10561 12.3898
8.01767 8.24736 3.10561 12.3897
8.01767 8.24736 3.10561 12.3898
8.01767 8.24736 3.10561 12.3898
8.01767 8.24736 3.10561 12.3898
8.01767 8.24736 3.10561 12.3898
8.01767 8.24736 3.10561 12.3898
8.01767 8.24736 3.10561 12.3898
8.01767 8.24736 3.10561 12.3898
8.01767 8.24736 3.10561 12.3898
8.01767 8.24736 3.10561 12.3898
8.01767 8.24736 3.10561 12.3898
8.01767 8.24736 3.10561 12.3898
8.01767 8.24736 3.10561 12.3898
8.01767 8.24736 3.10561 12.3898
8.01767 8.24736 3.10561 12.3898
8.01767 8.24736 3.10561 12.3898
8.01767 8.24736 3.10561 12.3898
8.01767 8.24736 3.10561 12.3898
8.01767 8.24736 3.10561 12.3898
8.01767 8.24736 3.10561 12.3898
8.01767 8.24736 3.10561 12.3897
8.01767 8.24736 3.10561 12.3898
8.01767 8.24736 3.10561 12.3898
8.01767 8.24736 3.10561 12.3898
8.01767 8.24736 3.10561 12.3898
8.01767 8.24736 3.10561 12.3897
8.01767 8.24736 3.10561 12.3898
8.01767 8.24736 3.10561 12.3898
8.01767 8.24736 3.10561 12.3898
8.01767 8.24736 3.10561 12.3898
8.01767 8.24736 3.10561 12.3898
8.01767 8.24736 3.10561 12.3897
8.01767 8.24736 3.10561 12.3898
8.01767 8.24736 3.10561 12.3898
8.01767 8.24736 3.10561 12.3898
8.01767 8.24736 3.10561 12.3898
8.01767 8.24736 3.10561 12.3898
8.01767 8.24736 3.10561 12.3898
8.01767 8.24736 3.10561 12.3898
8.01767 8.24736 3.10561 12.3898

All Run Estimates:
 48.376  18.858 6.90335 73.1381 18.3328 6.03368 18.3448
CODE FINISHED RUNNING IN 8511 s TIME!
Job Statistics for 2566303:
           JobID       User               Start                 End    Elapsed     MaxRSS   TotalCPU      State Exit        NodeList                                  ReqTRES 
---------------- ---------- ------------------- ------------------- ---------- ---------- ---------- ---------- ---- --------------- ---------------------------------------- 
         2566303   rsjxw007 2022-02-22T18:13:06 2022-02-22T20:35:00   02:21:54            2-16:40:43  COMPLETED  0:0   r1pl-hpcf-n23     billing=30,cpu=30,mem=234360M,node=1 
   2566303.batch            2022-02-22T18:13:06 2022-02-22T20:35:00   02:21:54      4.12M 2-16:40:43  COMPLETED  0:0   r1pl-hpcf-n23                                          
  2566303.extern            2022-02-22T18:13:06 2022-02-22T20:35:00   02:21:54          0  00:00.001  COMPLETED  0:0   r1pl-hpcf-n23                                          
CPU Efficiency: 91.16% of 2-22:57:00 core-walltime
