warning: Pulling without specifying how to reconcile divergent branches is
discouraged. You can squelch this message by running one of the following
commands sometime before your next pull:

  git config pull.rebase false  # merge (the default strategy)
  git config pull.rebase true   # rebase
  git config pull.ff only       # fast-forward only

You can replace "git config" with "git config --global" to set a default
preference for all repositories. You can also pass --rebase, --no-rebase,
or --ff-only on the command line to override the configured default per
invocation.

Already up to date.
make: Nothing to be done for 'all'.
Program Begin:
Reading in Parameters from Configuration File!
csvPSO
------ Reading in X_0! ------
"../data/X/t30s_processed.csv"
Reading in 607 rows or cells from X data directory
---------------------------
--------- Parameters ---------
Total Number of Runs:1
Number of Moments:14
Hyper Cube Width:80
Using Times:30 60
Blind PSO --> nParts:1000 Nsteps:1000
Targeted PSO --> nParts:10 Nsteps:10
Number of Rates:6
------------------------------
------ Reading in Yt! ------
"../data/Y/t1m_processed.csv"
Read in 1773 rows!
---------------------------
Computing Weight Matrices!
 0.00701231           0           0           0           0           0           0           0           0           0           0           0           0           0
          0  0.00603145           0           0           0           0           0           0           0           0           0           0           0           0
          0           0   0.0458124           0           0           0           0           0           0           0           0           0           0           0
          0           0           0 0.000787713           0           0           0           0           0           0           0           0           0           0
          0           0           0           0 2.01765e-06           0           0           0           0           0           0           0           0           0
          0           0           0           0           0 1.60981e-06           0           0           0           0           0           0           0           0
          0           0           0           0           0           0 4.70745e-05           0           0           0           0           0           0           0
          0           0           0           0           0           0           0 7.49577e-10           0           0           0           0           0           0
          0           0           0           0           0           0           0           0 7.69966e-06           0           0           0           0           0
          0           0           0           0           0           0           0           0           0 9.09897e-05           0           0           0           0
          0           0           0           0           0           0           0           0           0           0 3.90342e-06           0           0           0
          0           0           0           0           0           0           0           0           0           0           0 0.000144726           0           0
          0           0           0           0           0           0           0           0           0           0           0           0 1.33621e-06           0
          0           0           0           0           0           0           0           0           0           0           0           0           0 6.02972e-06
PSO Seeded At: 0.866792  0.142313 0.0403166  0.458783  0.153728  0.745663| cost:1.99338
PSO Estimation Has Begun, This may take some time...
Simulated Xt Moments for time 60:10.2565 11.8596  1.2373 8.91265 105.195 140.651 1.53092 79.4353 121.638 12.6904 91.4124 14.6739 105.701 11.0276
Final Evolved Matrix
10.2565 11.8596  1.2373 8.91264
10.2565 11.8596  1.2373 8.91265
10.2565 11.8596  1.2373 8.91265
10.2565 11.8596  1.2373 8.91265
10.2565 11.8596  1.2373 8.91264
10.2565 11.8596  1.2373 8.91265
10.2565 11.8596  1.2373 8.91265
10.2565 11.8596  1.2373 8.91265
10.2565 11.8596  1.2373 8.91265
10.2565 11.8596  1.2373 8.91265
10.2565 11.8596  1.2373 8.91265
10.2565 11.8596  1.2373 8.91265
10.2565 11.8596  1.2373 8.91265
10.2565 11.8596  1.2373 8.91264
10.2565 11.8596  1.2373 8.91265
10.2565 11.8596  1.2373 8.91264
10.2565 11.8596  1.2373 8.91265
10.2565 11.8596  1.2373 8.91264
10.2565 11.8596  1.2373 8.91266
10.2565 11.8596  1.2373 8.91264
10.2565 11.8596  1.2373 8.91265
10.2565 11.8596  1.2373 8.91265
10.2565 11.8596  1.2373 8.91265
10.2565 11.8596  1.2373 8.91263
10.2565 11.8596  1.2373 8.91265
10.2565 11.8596  1.2373 8.91264
10.2565 11.8596  1.2373 8.91265
10.2565 11.8596  1.2373 8.91265
10.2565 11.8596  1.2373 8.91265
10.2565 11.8596  1.2373 8.91265
10.2565 11.8596  1.2373 8.91265
10.2565 11.8596  1.2373 8.91265
10.2565 11.8596  1.2373 8.91264
10.2565 11.8596  1.2373 8.91265
10.2565 11.8596  1.2373 8.91265
10.2565 11.8596  1.2373 8.91264
10.2565 11.8596  1.2373 8.91263
10.2565 11.8596  1.2373 8.91265
10.2565 11.8596  1.2373 8.91265
10.2565 11.8596  1.2373 8.91265
10.2565 11.8596  1.2373 8.91265
10.2565 11.8596  1.2373 8.91265
10.2565 11.8596  1.2373 8.91265
10.2565 11.8596  1.2373 8.91264
10.2565 11.8596  1.2373 8.91265
10.2565 11.8596  1.2373 8.91265
10.2565 11.8596  1.2373 8.91266
10.2565 11.8596  1.2373 8.91265
10.2565 11.8596  1.2373 8.91265
10.2565 11.8596  1.2373 8.91265
10.2565 11.8596  1.2373 8.91265
10.2565 11.8596  1.2373 8.91265
10.2565 11.8596  1.2373 8.91264
10.2565 11.8596  1.2373 8.91265
10.2565 11.8596  1.2373 8.91264
10.2565 11.8596  1.2373 8.91264
10.2565 11.8596  1.2373 8.91265
10.2565 11.8596  1.2373 8.91265
10.2565 11.8596  1.2373 8.91265
10.2565 11.8596  1.2373 8.91265
10.2565 11.8596  1.2373 8.91264
10.2565 11.8596  1.2373 8.91265
10.2565 11.8596  1.2373 8.91265
10.2565 11.8596  1.2373 8.91265
10.2565 11.8596  1.2373 8.91265
10.2565 11.8596  1.2373 8.91265
10.2565 11.8596  1.2373 8.91265
10.2565 11.8596  1.2373 8.91265
10.2565 11.8596  1.2373 8.91265
10.2565 11.8596  1.2373 8.91264
10.2565 11.8596  1.2373 8.91265
10.2565 11.8596  1.2373 8.91265
10.2565 11.8596  1.2373 8.91266
10.2565 11.8596  1.2373 8.91265
10.2565 11.8596  1.2373 8.91265
10.2565 11.8596  1.2373 8.91264
10.2565 11.8596  1.2373 8.91263
10.2565 11.8596  1.2373 8.91264
10.2565 11.8596  1.2373 8.91264
10.2565 11.8596  1.2373 8.91266
10.2565 11.8596  1.2373 8.91265
10.2565 11.8596  1.2373 8.91264
10.2565 11.8596  1.2373 8.91264
10.2565 11.8596  1.2373 8.91265
10.2565 11.8596  1.2373 8.91264
10.2565 11.8596  1.2373 8.91265
10.2565 11.8596  1.2373 8.91265
10.2565 11.8596  1.2373 8.91265
10.2565 11.8596  1.2373 8.91265
10.2565 11.8596  1.2373 8.91265
10.2565 11.8596  1.2373 8.91265
10.2565 11.8596  1.2373 8.91264
10.2565 11.8596  1.2373 8.91265
10.2565 11.8596  1.2373 8.91265
10.2565 11.8596  1.2373 8.91265
10.2565 11.8596  1.2373 8.91264
10.2565 11.8596  1.2373 8.91264
10.2565 11.8596  1.2373 8.91265
10.2565 11.8596  1.2373 8.91264
10.2565 11.8596  1.2373 8.91264
10.2565 11.8596  1.2373 8.91264
10.2565 11.8596  1.2373 8.91265
10.2565 11.8596  1.2373 8.91264
10.2565 11.8596  1.2373 8.91264
10.2565 11.8596  1.2373 8.91264
10.2565 11.8596  1.2373 8.91265
10.2565 11.8596  1.2373 8.91264
10.2565 11.8596  1.2373 8.91266
10.2565 11.8596  1.2373 8.91264
10.2565 11.8596  1.2373 8.91265
10.2565 11.8596  1.2373 8.91264
10.2565 11.8596  1.2373 8.91264
10.2565 11.8596  1.2373 8.91265
10.2565 11.8596  1.2373 8.91265
10.2565 11.8596  1.2373 8.91264
10.2565 11.8596  1.2373 8.91265
10.2565 11.8596  1.2373 8.91265
10.2565 11.8596  1.2373 8.91264
10.2565 11.8596  1.2373 8.91265
10.2565 11.8596  1.2373 8.91265
10.2565 11.8596  1.2373 8.91265
10.2565 11.8596  1.2373 8.91264
10.2565 11.8596  1.2373 8.91265
10.2565 11.8596  1.2373 8.91265
10.2565 11.8596  1.2373 8.91265
10.2565 11.8596  1.2373 8.91264
10.2565 11.8596  1.2373 8.91265
10.2565 11.8596  1.2373 8.91264
10.2565 11.8596  1.2373 8.91266
10.2565 11.8596  1.2373 8.91265
10.2565 11.8596  1.2373 8.91264
10.2565 11.8596  1.2373 8.91264
10.2565 11.8596  1.2373 8.91265
10.2565 11.8596  1.2373 8.91265
10.2565 11.8596  1.2373 8.91265
10.2565 11.8596  1.2373 8.91264
10.2565 11.8596  1.2373 8.91265
10.2565 11.8596  1.2373 8.91265
10.2565 11.8596  1.2373 8.91265
10.2565 11.8596  1.2373 8.91265
10.2565 11.8596  1.2373 8.91265
10.2565 11.8596  1.2373 8.91264
10.2565 11.8596  1.2373 8.91265
10.2565 11.8596  1.2373 8.91265
10.2565 11.8596  1.2373 8.91265
10.2565 11.8596  1.2373 8.91265
10.2565 11.8596  1.2373 8.91264
10.2565 11.8596  1.2373 8.91266
10.2565 11.8596  1.2373 8.91265
10.2565 11.8596  1.2373 8.91265
10.2565 11.8596  1.2373 8.91264
10.2565 11.8596  1.2373 8.91265
10.2565 11.8596  1.2373 8.91265
10.2565 11.8596  1.2373 8.91265
10.2565 11.8596  1.2373 8.91265
10.2565 11.8596  1.2373 8.91264
10.2565 11.8596  1.2373 8.91265
10.2565 11.8596  1.2373 8.91265
10.2565 11.8596  1.2373 8.91264
10.2565 11.8596  1.2373 8.91265
10.2565 11.8596  1.2373 8.91265
10.2565 11.8596  1.2373 8.91265
10.2565 11.8596  1.2373 8.91264
10.2565 11.8596  1.2373 8.91265
10.2565 11.8596  1.2373 8.91265
10.2565 11.8596  1.2373 8.91265
10.2565 11.8596  1.2373 8.91264
10.2565 11.8596  1.2373 8.91265
10.2565 11.8596  1.2373 8.91264
10.2565 11.8596  1.2373 8.91264
10.2565 11.8596  1.2373 8.91265
10.2565 11.8596  1.2373 8.91265
10.2565 11.8596  1.2373 8.91265
10.2565 11.8596  1.2373 8.91265
10.2565 11.8596  1.2373 8.91266
10.2565 11.8596  1.2373 8.91264
10.2565 11.8596  1.2373 8.91265
10.2565 11.8596  1.2373 8.91265
10.2565 11.8596  1.2373 8.91265
10.2565 11.8596  1.2373 8.91265
10.2565 11.8596  1.2373 8.91265
10.2565 11.8596  1.2373 8.91265
10.2565 11.8596  1.2373 8.91265
10.2565 11.8596  1.2373 8.91265
10.2565 11.8596  1.2373 8.91265
10.2565 11.8596  1.2373 8.91265
10.2565 11.8596  1.2373 8.91264
10.2565 11.8596  1.2373 8.91265
10.2565 11.8596  1.2373 8.91265
10.2565 11.8596  1.2373 8.91264
10.2565 11.8596  1.2373 8.91265
10.2565 11.8596  1.2373 8.91265
10.2565 11.8596  1.2373 8.91264
10.2565 11.8596  1.2373 8.91265
10.2565 11.8596  1.2373 8.91265
10.2565 11.8596  1.2373 8.91265
10.2565 11.8596  1.2373 8.91265
10.2565 11.8596  1.2373 8.91265
10.2565 11.8596  1.2373 8.91265
10.2565 11.8596  1.2373 8.91265
10.2565 11.8596  1.2373 8.91265
10.2565 11.8596  1.2373 8.91264
10.2565 11.8596  1.2373 8.91265
10.2565 11.8596  1.2373 8.91264
10.2565 11.8596  1.2373 8.91265
10.2565 11.8596  1.2373 8.91265
10.2565 11.8596  1.2373 8.91264
10.2565 11.8596  1.2373 8.91265
10.2565 11.8596  1.2373 8.91265
10.2565 11.8596  1.2373 8.91264
10.2565 11.8596  1.2373 8.91264
10.2565 11.8596  1.2373 8.91264
10.2565 11.8596  1.2373 8.91265
10.2565 11.8596  1.2373 8.91264
10.2565 11.8596  1.2373 8.91264
10.2565 11.8596  1.2373 8.91265
10.2565 11.8596  1.2373 8.91265
10.2565 11.8596  1.2373 8.91265
10.2565 11.8596  1.2373 8.91265
10.2565 11.8596  1.2373 8.91265
10.2565 11.8596  1.2373 8.91264
10.2565 11.8596  1.2373 8.91265
10.2565 11.8596  1.2373 8.91265
10.2565 11.8596  1.2373 8.91264
10.2565 11.8596  1.2373 8.91265
10.2565 11.8596  1.2373 8.91265
10.2565 11.8596  1.2373 8.91265
10.2565 11.8596  1.2373 8.91265
10.2565 11.8596  1.2373 8.91265
10.2565 11.8596  1.2373 8.91265
10.2565 11.8596  1.2373 8.91265
10.2565 11.8596  1.2373 8.91265
10.2565 11.8596  1.2373 8.91264
10.2565 11.8596  1.2373 8.91264
10.2565 11.8596  1.2373 8.91264
10.2565 11.8596  1.2373 8.91265
10.2565 11.8596  1.2373 8.91265
10.2565 11.8596  1.2373 8.91265
10.2565 11.8596  1.2373 8.91264
10.2565 11.8596  1.2373 8.91264
10.2565 11.8596  1.2373 8.91265
10.2565 11.8596  1.2373 8.91264
10.2565 11.8596  1.2373 8.91265
10.2565 11.8596  1.2373 8.91265
10.2565 11.8596  1.2373 8.91265
10.2565 11.8596  1.2373 8.91265
10.2565 11.8596  1.2373 8.91266
10.2565 11.8596  1.2373 8.91265
10.2565 11.8596  1.2373 8.91265
10.2565 11.8596  1.2373 8.91265
10.2565 11.8596  1.2373 8.91265
10.2565 11.8596  1.2373 8.91265
10.2565 11.8596  1.2373 8.91265
10.2565 11.8596  1.2373 8.91265
10.2565 11.8596  1.2373 8.91264
10.2565 11.8596  1.2373 8.91265
10.2565 11.8596  1.2373 8.91265
10.2565 11.8596  1.2373 8.91265
10.2565 11.8596  1.2373 8.91264
10.2565 11.8596  1.2373 8.91265
10.2565 11.8596  1.2373 8.91265
10.2565 11.8596  1.2373 8.91264
10.2565 11.8596  1.2373 8.91264
10.2565 11.8596  1.2373 8.91266
10.2565 11.8596  1.2373 8.91264
10.2565 11.8596  1.2373 8.91265
10.2565 11.8596  1.2373 8.91265
10.2565 11.8596  1.2373 8.91265
10.2565 11.8596  1.2373 8.91265
10.2565 11.8596  1.2373 8.91265
10.2565 11.8596  1.2373 8.91265
10.2565 11.8596  1.2373 8.91265
10.2565 11.8596  1.2373 8.91264
10.2565 11.8596  1.2373 8.91265
10.2565 11.8596  1.2373 8.91265
10.2565 11.8596  1.2373 8.91265
10.2565 11.8596  1.2373 8.91265
10.2565 11.8596  1.2373 8.91265
10.2565 11.8596  1.2373 8.91264
10.2565 11.8596  1.2373 8.91264
10.2565 11.8596  1.2373 8.91264
10.2565 11.8596  1.2373 8.91264
10.2565 11.8596  1.2373 8.91265
10.2565 11.8596  1.2373 8.91265
10.2565 11.8596  1.2373 8.91264
10.2565 11.8596  1.2373 8.91265
10.2565 11.8596  1.2373 8.91264
10.2565 11.8596  1.2373 8.91265
10.2565 11.8596  1.2373 8.91265
10.2565 11.8596  1.2373 8.91265
10.2565 11.8596  1.2373 8.91265
10.2565 11.8596  1.2373 8.91265
10.2565 11.8596  1.2373 8.91265
10.2565 11.8596  1.2373 8.91265
10.2565 11.8596  1.2373 8.91265
10.2565 11.8596  1.2373 8.91264
10.2565 11.8596  1.2373 8.91265
10.2565 11.8596  1.2373 8.91265
10.2565 11.8596  1.2373 8.91265
10.2565 11.8596  1.2373 8.91265
10.2565 11.8596  1.2373 8.91265
10.2565 11.8596  1.2373 8.91264
10.2565 11.8596  1.2373 8.91264
10.2565 11.8596  1.2373 8.91265
10.2565 11.8596  1.2373 8.91265
10.2565 11.8596  1.2373 8.91265
10.2565 11.8596  1.2373 8.91264
10.2565 11.8596  1.2373 8.91265
10.2565 11.8596  1.2373 8.91265
10.2565 11.8596  1.2373 8.91264
10.2565 11.8596  1.2373 8.91264
10.2565 11.8596  1.2373 8.91265
10.2565 11.8596  1.2373 8.91264
10.2565 11.8596  1.2373 8.91265
10.2565 11.8596  1.2373 8.91264
10.2565 11.8596  1.2373 8.91264
10.2565 11.8596  1.2373 8.91265
10.2565 11.8596  1.2373 8.91265
10.2565 11.8596  1.2373 8.91264
10.2565 11.8596  1.2373 8.91264
10.2565 11.8596  1.2373 8.91265
10.2565 11.8596  1.2373 8.91265
10.2565 11.8596  1.2373 8.91265
10.2565 11.8596  1.2373 8.91265
10.2565 11.8596  1.2373 8.91265
10.2565 11.8596  1.2373 8.91264
10.2565 11.8596  1.2373 8.91265
10.2565 11.8596  1.2373 8.91265
10.2565 11.8596  1.2373 8.91264
10.2565 11.8596  1.2373 8.91265
10.2565 11.8596  1.2373 8.91264
10.2565 11.8596  1.2373 8.91265
10.2565 11.8596  1.2373 8.91265
10.2565 11.8596  1.2373 8.91265
10.2565 11.8596  1.2373 8.91264
10.2565 11.8596  1.2373 8.91265
10.2565 11.8596  1.2373 8.91265
10.2565 11.8596  1.2373 8.91265
10.2565 11.8596  1.2373 8.91265
10.2565 11.8596  1.2373 8.91264
10.2565 11.8596  1.2373 8.91264
10.2565 11.8596  1.2373 8.91265
10.2565 11.8596  1.2373 8.91265
10.2565 11.8596  1.2373 8.91265
10.2565 11.8596  1.2373 8.91265
10.2565 11.8596  1.2373 8.91265
10.2565 11.8596  1.2373 8.91264
10.2565 11.8596  1.2373 8.91265
10.2565 11.8596  1.2373 8.91266
10.2565 11.8596  1.2373 8.91265
10.2565 11.8596  1.2373 8.91265
10.2565 11.8596  1.2373 8.91264
10.2565 11.8596  1.2373 8.91265
10.2565 11.8596  1.2373 8.91265
10.2565 11.8596  1.2373 8.91264
10.2565 11.8596  1.2373 8.91265
10.2565 11.8596  1.2373 8.91265
10.2565 11.8596  1.2373 8.91265
10.2565 11.8596  1.2373 8.91265
10.2565 11.8596  1.2373 8.91264
10.2565 11.8596  1.2373 8.91265
10.2565 11.8596  1.2373 8.91265
10.2565 11.8596  1.2373 8.91266
10.2565 11.8596  1.2373 8.91265
10.2565 11.8596  1.2373 8.91264
10.2565 11.8596  1.2373 8.91265
10.2565 11.8596  1.2373 8.91264
10.2565 11.8596  1.2373 8.91265
10.2565 11.8596  1.2373 8.91265
10.2565 11.8596  1.2373 8.91265
10.2565 11.8596  1.2373 8.91264
10.2565 11.8596  1.2373 8.91264
10.2565 11.8596  1.2373 8.91265
10.2565 11.8596  1.2373 8.91264
10.2565 11.8596  1.2373 8.91265
10.2565 11.8596  1.2373 8.91265
10.2565 11.8596  1.2373 8.91264
10.2565 11.8596  1.2373 8.91264
10.2565 11.8596  1.2373 8.91265
10.2565 11.8596  1.2373 8.91264
10.2565 11.8596  1.2373 8.91265
10.2565 11.8596  1.2373 8.91265
10.2565 11.8596  1.2373 8.91265
10.2565 11.8596  1.2373 8.91265
10.2565 11.8596  1.2373 8.91265
10.2565 11.8596  1.2373 8.91265
10.2565 11.8596  1.2373 8.91265
10.2565 11.8596  1.2373 8.91265
10.2565 11.8596  1.2373 8.91265
10.2565 11.8596  1.2373 8.91264
10.2565 11.8596  1.2373 8.91265
10.2565 11.8596  1.2373 8.91265
10.2565 11.8596  1.2373 8.91265
10.2565 11.8596  1.2373 8.91265
10.2565 11.8596  1.2373 8.91265
10.2565 11.8596  1.2373 8.91265
10.2565 11.8596  1.2373 8.91265
10.2565 11.8596  1.2373 8.91264
10.2565 11.8596  1.2373 8.91265
10.2565 11.8596  1.2373 8.91266
10.2565 11.8596  1.2373 8.91265
10.2565 11.8596  1.2373 8.91265
10.2565 11.8596  1.2373 8.91265
10.2565 11.8596  1.2373 8.91265
10.2565 11.8596  1.2373 8.91264
10.2565 11.8596  1.2373 8.91265
10.2565 11.8596  1.2373 8.91265
10.2565 11.8596  1.2373 8.91265
10.2565 11.8596  1.2373 8.91265
10.2565 11.8596  1.2373 8.91265
10.2565 11.8596  1.2373 8.91266
10.2565 11.8596  1.2373 8.91265
10.2565 11.8596  1.2373 8.91264
10.2565 11.8596  1.2373 8.91264
10.2565 11.8596  1.2373 8.91264
10.2565 11.8596  1.2373 8.91265
10.2565 11.8596  1.2373 8.91265
10.2565 11.8596  1.2373 8.91265
10.2565 11.8596  1.2373 8.91265
10.2565 11.8596  1.2373 8.91264
10.2565 11.8596  1.2373 8.91265
10.2565 11.8596  1.2373 8.91265
10.2565 11.8596  1.2373 8.91265
10.2565 11.8596  1.2373 8.91265
10.2565 11.8596  1.2373 8.91265
10.2565 11.8596  1.2373 8.91265
10.2565 11.8596  1.2373 8.91265
10.2565 11.8596  1.2373 8.91264
10.2565 11.8596  1.2373 8.91265
10.2565 11.8596  1.2373 8.91265
10.2565 11.8596  1.2373 8.91265
10.2565 11.8596  1.2373 8.91265
10.2565 11.8596  1.2373 8.91264
10.2565 11.8596  1.2373 8.91265
10.2565 11.8596  1.2373 8.91264
10.2565 11.8596  1.2373 8.91265
10.2565 11.8596  1.2373 8.91265
10.2565 11.8596  1.2373 8.91264
10.2565 11.8596  1.2373 8.91265
10.2565 11.8596  1.2373 8.91265
10.2565 11.8596  1.2373 8.91265
10.2565 11.8596  1.2373 8.91264
10.2565 11.8596  1.2373 8.91265
10.2565 11.8596  1.2373 8.91265
10.2565 11.8596  1.2373 8.91265
10.2565 11.8596  1.2373 8.91265
10.2565 11.8596  1.2373 8.91265
10.2565 11.8596  1.2373 8.91264
10.2565 11.8596  1.2373 8.91265
10.2565 11.8596  1.2373 8.91264
10.2565 11.8596  1.2373 8.91263
10.2565 11.8596  1.2373 8.91265
10.2565 11.8596  1.2373 8.91265
10.2565 11.8596  1.2373 8.91264
10.2565 11.8596  1.2373 8.91265
10.2565 11.8596  1.2373 8.91265
10.2565 11.8596  1.2373 8.91265
10.2565 11.8596  1.2373 8.91265
10.2565 11.8596  1.2373 8.91265
10.2565 11.8596  1.2373 8.91265
10.2565 11.8596  1.2373 8.91264
10.2565 11.8596  1.2373 8.91265
10.2565 11.8596  1.2373 8.91264
10.2565 11.8596  1.2373 8.91263
10.2565 11.8596  1.2373 8.91264
10.2565 11.8596  1.2373 8.91265
10.2565 11.8596  1.2373 8.91265
10.2565 11.8596  1.2373 8.91264
10.2565 11.8596  1.2373 8.91265
10.2565 11.8596  1.2373 8.91264
10.2565 11.8596  1.2373 8.91265
10.2565 11.8596  1.2373 8.91264
10.2565 11.8596  1.2373 8.91264
10.2565 11.8596  1.2373 8.91265
10.2565 11.8596  1.2373 8.91264
10.2565 11.8596  1.2373 8.91264
10.2565 11.8596  1.2373 8.91265
10.2565 11.8596  1.2373 8.91264
10.2565 11.8596  1.2373 8.91264
10.2565 11.8596  1.2373 8.91264
10.2565 11.8596  1.2373 8.91265
10.2565 11.8596  1.2373 8.91264
10.2565 11.8596  1.2373 8.91265
10.2565 11.8596  1.2373 8.91265
10.2565 11.8596  1.2373 8.91264
10.2565 11.8596  1.2373 8.91264
10.2565 11.8596  1.2373 8.91264
10.2565 11.8596  1.2373 8.91265
10.2565 11.8596  1.2373 8.91266
10.2565 11.8596  1.2373 8.91265
10.2565 11.8596  1.2373 8.91264
10.2565 11.8596  1.2373 8.91265
10.2565 11.8596  1.2373 8.91265
10.2565 11.8596  1.2373 8.91265
10.2565 11.8596  1.2373 8.91265
10.2565 11.8596  1.2373 8.91265
10.2565 11.8596  1.2373 8.91266
10.2565 11.8596  1.2373 8.91264
10.2565 11.8596  1.2373 8.91265
10.2565 11.8596  1.2373 8.91265
10.2565 11.8596  1.2373 8.91264
10.2565 11.8596  1.2373 8.91265
10.2565 11.8596  1.2373 8.91264
10.2565 11.8596  1.2373 8.91265
10.2565 11.8596  1.2373 8.91265
10.2565 11.8596  1.2373 8.91266
10.2565 11.8596  1.2373 8.91265
10.2565 11.8596  1.2373 8.91265
10.2565 11.8596  1.2373 8.91265
10.2565 11.8596  1.2373 8.91265
10.2565 11.8596  1.2373 8.91265
10.2565 11.8596  1.2373 8.91265
10.2565 11.8596  1.2373 8.91265
10.2565 11.8596  1.2373 8.91264
10.2565 11.8596  1.2373 8.91265
10.2565 11.8596  1.2373 8.91265
10.2565 11.8596  1.2373 8.91265
10.2565 11.8596  1.2373 8.91265
10.2565 11.8596  1.2373 8.91264
10.2565 11.8596  1.2373 8.91265
10.2565 11.8596  1.2373 8.91265
10.2565 11.8596  1.2373 8.91264
10.2565 11.8596  1.2373 8.91264
10.2565 11.8596  1.2373 8.91263
10.2565 11.8596  1.2373 8.91264
10.2565 11.8596  1.2373 8.91265
10.2565 11.8596  1.2373 8.91266
10.2565 11.8596  1.2373 8.91265
10.2565 11.8596  1.2373 8.91265
10.2565 11.8596  1.2373 8.91264
10.2565 11.8596  1.2373 8.91264
10.2565 11.8596  1.2373 8.91265
10.2565 11.8596  1.2373 8.91264
10.2565 11.8596  1.2373 8.91265
10.2565 11.8596  1.2373 8.91265
10.2565 11.8596  1.2373 8.91265
10.2565 11.8596  1.2373 8.91265
10.2565 11.8596  1.2373 8.91265
10.2565 11.8596  1.2373 8.91265
10.2565 11.8596  1.2373 8.91265
10.2565 11.8596  1.2373 8.91265
10.2565 11.8596  1.2373 8.91265
10.2565 11.8596  1.2373 8.91265
10.2565 11.8596  1.2373 8.91265
10.2565 11.8596  1.2373 8.91263
10.2565 11.8596  1.2373 8.91266
10.2565 11.8596  1.2373 8.91265
10.2565 11.8596  1.2373 8.91264
10.2565 11.8596  1.2373 8.91265
10.2565 11.8596  1.2373 8.91265
10.2565 11.8596  1.2373 8.91265
10.2565 11.8596  1.2373 8.91265
10.2565 11.8596  1.2373 8.91264
10.2565 11.8596  1.2373 8.91265
10.2565 11.8596  1.2373 8.91265
10.2565 11.8596  1.2373 8.91264
10.2565 11.8596  1.2373 8.91265
10.2565 11.8596  1.2373 8.91265
10.2565 11.8596  1.2373 8.91265
10.2565 11.8596  1.2373 8.91265
10.2565 11.8596  1.2373 8.91265
10.2565 11.8596  1.2373 8.91265
10.2565 11.8596  1.2373 8.91264
10.2565 11.8596  1.2373 8.91264
10.2565 11.8596  1.2373 8.91265
10.2565 11.8596  1.2373 8.91265
10.2565 11.8596  1.2373 8.91265
10.2565 11.8596  1.2373 8.91264
10.2565 11.8596  1.2373 8.91265
10.2565 11.8596  1.2373 8.91264
10.2565 11.8596  1.2373 8.91265
10.2565 11.8596  1.2373 8.91265
10.2565 11.8596  1.2373 8.91264
10.2565 11.8596  1.2373 8.91264
10.2565 11.8596  1.2373 8.91264
10.2565 11.8596  1.2373 8.91265
10.2565 11.8596  1.2373 8.91265
10.2565 11.8596  1.2373 8.91265
10.2565 11.8596  1.2373 8.91264
10.2565 11.8596  1.2373 8.91264
10.2565 11.8596  1.2373 8.91265
10.2565 11.8596  1.2373 8.91265
10.2565 11.8596  1.2373 8.91265
10.2565 11.8596  1.2373 8.91264
10.2565 11.8596  1.2373 8.91265
10.2565 11.8596  1.2373 8.91265
10.2565 11.8596  1.2373 8.91265
10.2565 11.8596  1.2373 8.91265
10.2565 11.8596  1.2373 8.91265
10.2565 11.8596  1.2373 8.91264
10.2565 11.8596  1.2373 8.91265
10.2565 11.8596  1.2373 8.91264
10.2565 11.8596  1.2373 8.91265
10.2565 11.8596  1.2373 8.91265
10.2565 11.8596  1.2373 8.91265
10.2565 11.8596  1.2373 8.91264
10.2565 11.8596  1.2373 8.91265
10.2565 11.8596  1.2373 8.91264
10.2565 11.8596  1.2373 8.91265
10.2565 11.8596  1.2373 8.91265
10.2565 11.8596  1.2373 8.91265
10.2565 11.8596  1.2373 8.91265
10.2565 11.8596  1.2373 8.91265
10.2565 11.8596  1.2373 8.91264
10.2565 11.8596  1.2373 8.91265
10.2565 11.8596  1.2373 8.91264
10.2565 11.8596  1.2373 8.91265

All Run Estimates:
44.4468 12.4883 1.12678  77.797 10.8002 4.33354 13.6886
CODE FINISHED RUNNING IN 1541 s TIME!
Job Statistics for 2566302:
           JobID       User               Start                 End    Elapsed     MaxRSS   TotalCPU      State Exit        NodeList                                  ReqTRES 
---------------- ---------- ------------------- ------------------- ---------- ---------- ---------- ---------- ---- --------------- ---------------------------------------- 
         2566302   rsjxw007 2022-02-22T18:11:10 2022-02-22T18:36:54   00:25:44              12:14:36  COMPLETED  0:0   r1pl-hpcf-n22     billing=30,cpu=30,mem=234360M,node=1 
   2566302.batch            2022-02-22T18:11:10 2022-02-22T18:36:54   00:25:44      2.67M   12:14:36  COMPLETED  0:0   r1pl-hpcf-n22                                          
  2566302.extern            2022-02-22T18:11:10 2022-02-22T18:36:54   00:25:44          0  00:00.001  COMPLETED  0:0   r1pl-hpcf-n22                                          
CPU Efficiency: 95.16% of 12:52:00 core-walltime
