warning: Pulling without specifying how to reconcile divergent branches is
discouraged. You can squelch this message by running one of the following
commands sometime before your next pull:

  git config pull.rebase false  # merge (the default strategy)
  git config pull.rebase true   # rebase
  git config pull.ff only       # fast-forward only

You can replace "git config" with "git config --global" to set a default
preference for all repositories. You can also pass --rebase, --no-rebase,
or --ff-only on the command line to override the configured default per
invocation.

Already up to date.
make: Nothing to be done for 'all'.
Program Begin:
Reading in Parameters from Configuration File!
csvPSO
------ Reading in X_0! ------
"../data/X/t2m_processed.csv"
Reading in 1431 rows or cells from X data directory
---------------------------
--------- Parameters ---------
Total Number of Runs:1
Number of Moments:14
Hyper Cube Width:80
Using Times:120 240
Blind PSO --> nParts:1000 Nsteps:1000
Targeted PSO --> nParts:10 Nsteps:10
Number of Rates:6
------------------------------
------ Reading in Yt! ------
"../data/Y/t4m_processed.csv"
Read in 2437 rows!
---------------------------
Computing Weight Matrices!
  0.0149235           0           0           0           0           0           0           0           0           0           0           0           0           0
          0   0.0194869           0           0           0           0           0           0           0           0           0           0           0           0
          0           0   0.0299509           0           0           0           0           0           0           0           0           0           0           0
          0           0           0 0.000243127           0           0           0           0           0           0           0           0           0           0
          0           0           0           0 7.46851e-06           0           0           0           0           0           0           0           0           0
          0           0           0           0           0 2.02259e-05           0           0           0           0           0           0           0           0
          0           0           0           0           0           0 3.20078e-05           0           0           0           0           0           0           0
          0           0           0           0           0           0           0  1.5596e-09           0           0           0           0           0           0
          0           0           0           0           0           0           0           0 7.57237e-05           0           0           0           0           0
          0           0           0           0           0           0           0           0           0 0.000184236           0           0           0           0
          0           0           0           0           0           0           0           0           0           0 2.21605e-06           0           0           0
          0           0           0           0           0           0           0           0           0           0           0 0.000223477           0           0
          0           0           0           0           0           0           0           0           0           0           0           0 1.53756e-06           0
          0           0           0           0           0           0           0           0           0           0           0           0           0 4.91262e-07
PSO Seeded At:0.0354004  0.889355  0.522789  0.621827  0.842129  0.429805| cost:2.23025
PSO Estimation Has Begun, This may take some time...
Simulated Xt Moments for time 240: 5.9847 5.22717 2.40542 24.3321 35.8166 27.3233 5.78607 592.049  31.283 14.3957  145.62 12.5736 127.188 58.5289
Final Evolved Matrix
 5.9847 5.22717 2.40542 24.3321
 5.9847 5.22717 2.40542 24.3321
 5.9847 5.22717 2.40542 24.3321
 5.9847 5.22717 2.40542 24.3321
 5.9847 5.22717 2.40542 24.3321
 5.9847 5.22717 2.40542 24.3321
 5.9847 5.22717 2.40542 24.3321
 5.9847 5.22717 2.40542 24.3321
 5.9847 5.22717 2.40542 24.3321
 5.9847 5.22717 2.40542 24.3321
 5.9847 5.22717 2.40542 24.3321
 5.9847 5.22717 2.40542 24.3321
 5.9847 5.22717 2.40543  24.332
 5.9847 5.22717 2.40542 24.3321
 5.9847 5.22717 2.40542 24.3321
 5.9847 5.22717 2.40542 24.3321
 5.9847 5.22717 2.40542 24.3321
 5.9847 5.22717 2.40542 24.3321
 5.9847 5.22717 2.40542 24.3321
 5.9847 5.22717 2.40542 24.3321
 5.9847 5.22717 2.40542  24.332
 5.9847 5.22717 2.40542  24.332
 5.9847 5.22717 2.40542 24.3321
 5.9847 5.22717 2.40542 24.3321
 5.9847 5.22717 2.40543  24.332
 5.9847 5.22717 2.40542 24.3321
 5.9847 5.22717 2.40542 24.3321
 5.9847 5.22717 2.40542 24.3321
 5.9847 5.22717 2.40543  24.332
 5.9847 5.22717 2.40542  24.332
 5.9847 5.22717 2.40542 24.3321
 5.9847 5.22717 2.40542 24.3321
 5.9847 5.22717 2.40542 24.3321
 5.9847 5.22717 2.40542 24.3321
 5.9847 5.22717 2.40542 24.3321
 5.9847 5.22717 2.40543  24.332
 5.9847 5.22717 2.40542 24.3321
 5.9847 5.22717 2.40543  24.332
 5.9847 5.22717 2.40542 24.3321
 5.9847 5.22717 2.40542 24.3321
 5.9847 5.22717 2.40542 24.3321
 5.9847 5.22717 2.40542 24.3321
 5.9847 5.22717 2.40542 24.3321
 5.9847 5.22717 2.40542 24.3321
 5.9847 5.22717 2.40542 24.3321
 5.9847 5.22717 2.40542 24.3321
 5.9847 5.22717 2.40542 24.3321
 5.9847 5.22717 2.40542 24.3321
 5.9847 5.22717 2.40542 24.3321
 5.9847 5.22717 2.40542 24.3321
 5.9847 5.22717 2.40542 24.3321
 5.9847 5.22717 2.40542 24.3321
 5.9847 5.22717 2.40542  24.332
 5.9847 5.22717 2.40543  24.332
 5.9847 5.22717 2.40542 24.3321
 5.9847 5.22717 2.40542 24.3321
 5.9847 5.22717 2.40542  24.332
 5.9847 5.22717 2.40543  24.332
 5.9847 5.22717 2.40542 24.3321
 5.9847 5.22717 2.40542 24.3321
 5.9847 5.22717 2.40542 24.3321
 5.9847 5.22717 2.40542 24.3321
 5.9847 5.22717 2.40542 24.3321
 5.9847 5.22717 2.40542 24.3321
 5.9847 5.22717 2.40542 24.3321
 5.9847 5.22717 2.40542 24.3321
 5.9847 5.22717 2.40542 24.3321
 5.9847 5.22717 2.40543  24.332
 5.9847 5.22717 2.40542 24.3321
 5.9847 5.22717 2.40542 24.3321
 5.9847 5.22717 2.40542 24.3321
 5.9847 5.22717 2.40543  24.332
 5.9847 5.22717 2.40542 24.3321
 5.9847 5.22717 2.40542  24.332
 5.9847 5.22717 2.40542 24.3321
 5.9847 5.22717 2.40542 24.3321
 5.9847 5.22717 2.40543  24.332
 5.9847 5.22717 2.40542 24.3321
 5.9847 5.22717 2.40542 24.3321
 5.9847 5.22717 2.40542 24.3321
 5.9847 5.22717 2.40542 24.3321
 5.9847 5.22717 2.40542 24.3321
 5.9847 5.22717 2.40542 24.3321
 5.9847 5.22717 2.40542 24.3321
 5.9847 5.22717 2.40542 24.3321
 5.9847 5.22717 2.40542  24.332
 5.9847 5.22717 2.40543  24.332
 5.9847 5.22717 2.40542 24.3321
 5.9847 5.22717 2.40542 24.3321
 5.9847 5.22717 2.40542 24.3321
 5.9847 5.22717 2.40542 24.3321
 5.9847 5.22717 2.40542 24.3321
 5.9847 5.22717 2.40542 24.3321
 5.9847 5.22717 2.40542 24.3321
 5.9847 5.22717 2.40542 24.3321
 5.9847 5.22717 2.40542 24.3321
 5.9847 5.22717 2.40542 24.3321
 5.9847 5.22717 2.40542  24.332
 5.9847 5.22717 2.40542 24.3321
 5.9847 5.22717 2.40543  24.332
 5.9847 5.22717 2.40542 24.3321
 5.9847 5.22717 2.40542 24.3321
 5.9847 5.22717 2.40542 24.3321
 5.9847 5.22717 2.40542 24.3321
 5.9847 5.22717 2.40542 24.3321
 5.9847 5.22717 2.40542 24.3321
 5.9847 5.22717 2.40542  24.332
 5.9847 5.22717 2.40542 24.3321
 5.9847 5.22717 2.40542 24.3321
 5.9847 5.22717 2.40542 24.3321
 5.9847 5.22717 2.40542 24.3321
 5.9847 5.22717 2.40542 24.3321
 5.9847 5.22717 2.40542 24.3321
 5.9847 5.22717 2.40542 24.3321
 5.9847 5.22717 2.40542 24.3321
 5.9847 5.22717 2.40542 24.3321
 5.9847 5.22717 2.40542 24.3321
 5.9847 5.22717 2.40542 24.3321
 5.9847 5.22717 2.40542 24.3321
 5.9847 5.22717 2.40543  24.332
 5.9847 5.22717 2.40542 24.3321
 5.9847 5.22717 2.40542 24.3321
 5.9847 5.22717 2.40542 24.3321
 5.9847 5.22717 2.40542 24.3321
 5.9847 5.22717 2.40542  24.332
 5.9847 5.22717 2.40542 24.3321
 5.9847 5.22717 2.40543  24.332
 5.9847 5.22717 2.40542 24.3321
 5.9847 5.22717 2.40542  24.332
 5.9847 5.22717 2.40543  24.332
 5.9847 5.22717 2.40542 24.3321
 5.9847 5.22717 2.40542 24.3321
 5.9847 5.22717 2.40542 24.3321
 5.9847 5.22717 2.40542  24.332
 5.9847 5.22717 2.40542 24.3321
 5.9847 5.22717 2.40542 24.3321
 5.9847 5.22717 2.40542 24.3321
 5.9847 5.22717 2.40542 24.3321
 5.9847 5.22717 2.40542 24.3321
 5.9847 5.22717 2.40542  24.332
 5.9847 5.22717 2.40542 24.3321
 5.9847 5.22717 2.40543  24.332
 5.9847 5.22717 2.40542 24.3321
 5.9847 5.22717 2.40542 24.3321
 5.9847 5.22717 2.40542 24.3321
 5.9847 5.22717 2.40542 24.3321
 5.9847 5.22717 2.40542 24.3321
 5.9847 5.22717 2.40542 24.3321
 5.9847 5.22717 2.40542 24.3321
 5.9847 5.22717 2.40542 24.3321
 5.9847 5.22717 2.40542 24.3321
 5.9847 5.22717 2.40542 24.3321
 5.9847 5.22717 2.40542 24.3321
 5.9847 5.22717 2.40542 24.3321
 5.9847 5.22717 2.40542 24.3321
 5.9847 5.22717 2.40542  24.332
 5.9847 5.22717 2.40542  24.332
 5.9847 5.22717 2.40542 24.3321
 5.9847 5.22717 2.40542 24.3321
 5.9847 5.22717 2.40542 24.3321
 5.9847 5.22717 2.40542 24.3321
 5.9847 5.22717 2.40542 24.3321
 5.9847 5.22717 2.40542 24.3321
 5.9847 5.22717 2.40542 24.3321
 5.9847 5.22717 2.40543  24.332
 5.9847 5.22717 2.40542 24.3321
 5.9847 5.22717 2.40543  24.332
 5.9847 5.22717 2.40543  24.332
 5.9847 5.22717 2.40542 24.3321
 5.9847 5.22717 2.40542 24.3321
 5.9847 5.22717 2.40542 24.3321
 5.9847 5.22717 2.40542 24.3321
 5.9847 5.22717 2.40542 24.3321
 5.9847 5.22717 2.40543  24.332
 5.9847 5.22717 2.40542 24.3321
 5.9847 5.22717 2.40542 24.3321
 5.9847 5.22717 2.40542 24.3321
 5.9847 5.22717 2.40542 24.3321
 5.9847 5.22717 2.40542 24.3321
 5.9847 5.22717 2.40542 24.3321
 5.9847 5.22717 2.40542 24.3321
 5.9847 5.22717 2.40542 24.3321
 5.9847 5.22717 2.40542 24.3321
 5.9847 5.22717 2.40542 24.3321
 5.9847 5.22717 2.40542 24.3321
 5.9847 5.22717 2.40542 24.3321
 5.9847 5.22717 2.40542 24.3321
 5.9847 5.22717 2.40542 24.3321
 5.9847 5.22717 2.40542 24.3321
 5.9847 5.22717 2.40542 24.3321
 5.9847 5.22717 2.40542 24.3321
 5.9847 5.22717 2.40543  24.332
 5.9847 5.22717 2.40542  24.332
 5.9847 5.22717 2.40542 24.3321
 5.9847 5.22717 2.40543  24.332
 5.9847 5.22717 2.40542 24.3321
 5.9847 5.22717 2.40542 24.3321
 5.9847 5.22717 2.40542 24.3321
 5.9847 5.22717 2.40543  24.332
 5.9847 5.22717 2.40542 24.3321
 5.9847 5.22717 2.40542 24.3321
 5.9847 5.22717 2.40542 24.3321
 5.9847 5.22717 2.40542 24.3321
 5.9847 5.22717 2.40543  24.332
 5.9847 5.22717 2.40542 24.3321
 5.9847 5.22717 2.40542 24.3321
 5.9847 5.22717 2.40542 24.3321
 5.9847 5.22717 2.40542  24.332
 5.9847 5.22717 2.40542 24.3321
 5.9847 5.22717 2.40542 24.3321
 5.9847 5.22717 2.40542 24.3321
 5.9847 5.22717 2.40542 24.3321
 5.9847 5.22717 2.40542 24.3321
 5.9847 5.22717 2.40542 24.3321
 5.9847 5.22717 2.40543  24.332
 5.9847 5.22717 2.40542 24.3321
 5.9847 5.22717 2.40542 24.3321
 5.9847 5.22717 2.40543  24.332
 5.9847 5.22717 2.40542 24.3321
 5.9847 5.22717 2.40543  24.332
 5.9847 5.22717 2.40543  24.332
 5.9847 5.22717 2.40542 24.3321
 5.9847 5.22717 2.40542 24.3321
 5.9847 5.22717 2.40542 24.3321
 5.9847 5.22717 2.40542 24.3321
 5.9847 5.22717 2.40542 24.3321
 5.9847 5.22717 2.40543  24.332
 5.9847 5.22717 2.40542 24.3321
 5.9847 5.22717 2.40542 24.3321
 5.9847 5.22717 2.40542 24.3321
 5.9847 5.22717 2.40542 24.3321
 5.9847 5.22717 2.40542 24.3321
 5.9847 5.22717 2.40542 24.3321
 5.9847 5.22717 2.40542 24.3321
 5.9847 5.22717 2.40542 24.3321
 5.9847 5.22717 2.40542 24.3321
 5.9847 5.22717 2.40542 24.3321
 5.9847 5.22717 2.40542 24.3321
 5.9847 5.22717 2.40542 24.3321
 5.9847 5.22717 2.40542 24.3321
 5.9847 5.22717 2.40542 24.3321
 5.9847 5.22717 2.40542 24.3321
 5.9847 5.22717 2.40542 24.3321
 5.9847 5.22717 2.40542  24.332
 5.9847 5.22717 2.40542 24.3321
 5.9847 5.22717 2.40542 24.3321
 5.9847 5.22717 2.40542 24.3321
 5.9847 5.22717 2.40542 24.3321
 5.9847 5.22717 2.40542 24.3321
 5.9847 5.22717 2.40542 24.3321
 5.9847 5.22717 2.40542 24.3321
 5.9847 5.22717 2.40542 24.3321
 5.9847 5.22717 2.40542 24.3321
 5.9847 5.22717 2.40542 24.3321
 5.9847 5.22717 2.40542 24.3321
 5.9847 5.22717 2.40542 24.3321
 5.9847 5.22717 2.40542 24.3321
 5.9847 5.22717 2.40542 24.3321
 5.9847 5.22717 2.40542 24.3321
 5.9847 5.22717 2.40542 24.3321
 5.9847 5.22717 2.40542 24.3321
 5.9847 5.22717 2.40543  24.332
 5.9847 5.22717 2.40542 24.3321
 5.9847 5.22717 2.40542 24.3321
 5.9847 5.22717 2.40542  24.332
 5.9847 5.22717 2.40543  24.332
 5.9847 5.22717 2.40542 24.3321
 5.9847 5.22717 2.40542 24.3321
 5.9847 5.22717 2.40542 24.3321
 5.9847 5.22717 2.40542 24.3321
 5.9847 5.22717 2.40542  24.332
 5.9847 5.22717 2.40542 24.3321
 5.9847 5.22717 2.40542  24.332
 5.9847 5.22717 2.40542 24.3321
 5.9847 5.22717 2.40542 24.3321
 5.9847 5.22717 2.40542 24.3321
 5.9847 5.22717 2.40542 24.3321
 5.9847 5.22717 2.40542  24.332
 5.9847 5.22717 2.40542 24.3321
 5.9847 5.22717 2.40542 24.3321
 5.9847 5.22717 2.40542 24.3321
 5.9847 5.22717 2.40543  24.332
 5.9847 5.22717 2.40542 24.3321
 5.9847 5.22717 2.40542 24.3321
 5.9847 5.22717 2.40542 24.3321
 5.9847 5.22717 2.40542 24.3321
 5.9847 5.22717 2.40542 24.3321
 5.9847 5.22717 2.40543  24.332
 5.9847 5.22717 2.40543  24.332
 5.9847 5.22717 2.40542 24.3321
 5.9847 5.22717 2.40542 24.3321
 5.9847 5.22717 2.40542 24.3321
 5.9847 5.22717 2.40542  24.332
 5.9847 5.22717 2.40542 24.3321
 5.9847 5.22717 2.40542 24.3321
 5.9847 5.22717 2.40543  24.332
 5.9847 5.22717 2.40543  24.332
 5.9847 5.22717 2.40542 24.3321
 5.9847 5.22717 2.40542 24.3321
 5.9847 5.22717 2.40543  24.332
 5.9847 5.22717 2.40542 24.3321
 5.9847 5.22717 2.40542 24.3321
 5.9847 5.22717 2.40542 24.3321
 5.9847 5.22717 2.40543  24.332
 5.9847 5.22717 2.40542 24.3321
 5.9847 5.22717 2.40542 24.3321
 5.9847 5.22717 2.40542 24.3321
 5.9847 5.22717 2.40542 24.3321
 5.9847 5.22717 2.40542 24.3321
 5.9847 5.22717 2.40542 24.3321
 5.9847 5.22717 2.40542 24.3321
 5.9847 5.22717 2.40542 24.3321
 5.9847 5.22717 2.40543  24.332
 5.9847 5.22717 2.40542  24.332
 5.9847 5.22717 2.40542 24.3321
 5.9847 5.22717 2.40542 24.3321
 5.9847 5.22717 2.40542 24.3321
 5.9847 5.22717 2.40542 24.3321
 5.9847 5.22717 2.40542 24.3321
 5.9847 5.22717 2.40542 24.3321
 5.9847 5.22717 2.40542 24.3321
 5.9847 5.22717 2.40542 24.3321
 5.9847 5.22717 2.40542 24.3321
 5.9847 5.22717 2.40543  24.332
 5.9847 5.22717 2.40542  24.332
 5.9847 5.22717 2.40542 24.3321
 5.9847 5.22717 2.40542 24.3321
 5.9847 5.22717 2.40542 24.3321
 5.9847 5.22717 2.40542 24.3321
 5.9847 5.22717 2.40542 24.3321
 5.9847 5.22717 2.40543  24.332
 5.9847 5.22717 2.40542 24.3321
 5.9847 5.22717 2.40542 24.3321
 5.9847 5.22717 2.40542 24.3321
 5.9847 5.22717 2.40542 24.3321
 5.9847 5.22717 2.40542 24.3321
 5.9847 5.22717 2.40542 24.3321
 5.9847 5.22717 2.40542 24.3321
 5.9847 5.22717 2.40542 24.3321
 5.9847 5.22717 2.40542 24.3321
 5.9847 5.22717 2.40542 24.3321
 5.9847 5.22717 2.40542 24.3321
 5.9847 5.22717 2.40542 24.3321
 5.9847 5.22717 2.40542 24.3321
 5.9847 5.22717 2.40542 24.3321
 5.9847 5.22717 2.40542 24.3321
 5.9847 5.22717 2.40542 24.3321
 5.9847 5.22717 2.40542 24.3321
 5.9847 5.22717 2.40542 24.3321
 5.9847 5.22717 2.40542 24.3321
 5.9847 5.22717 2.40542 24.3321
 5.9847 5.22717 2.40543  24.332
 5.9847 5.22717 2.40542 24.3321
 5.9847 5.22717 2.40542 24.3321
 5.9847 5.22717 2.40543  24.332
 5.9847 5.22717 2.40542 24.3321
 5.9847 5.22717 2.40542 24.3321
 5.9847 5.22717 2.40542 24.3321
 5.9847 5.22717 2.40542 24.3321
 5.9847 5.22717 2.40542  24.332
 5.9847 5.22717 2.40542 24.3321
 5.9847 5.22717 2.40542 24.3321
 5.9847 5.22717 2.40542  24.332
 5.9847 5.22717 2.40542 24.3321
 5.9847 5.22717 2.40542 24.3321
 5.9847 5.22717 2.40543  24.332
 5.9847 5.22717 2.40542 24.3321
 5.9847 5.22717 2.40542 24.3321
 5.9847 5.22717 2.40542 24.3321
 5.9847 5.22717 2.40543  24.332
 5.9847 5.22717 2.40542 24.3321
 5.9847 5.22717 2.40542 24.3321
 5.9847 5.22717 2.40542  24.332
 5.9847 5.22717 2.40542 24.3321
 5.9847 5.22717 2.40542 24.3321
 5.9847 5.22717 2.40542 24.3321
 5.9847 5.22717 2.40542 24.3321
 5.9847 5.22717 2.40542 24.3321
 5.9847 5.22717 2.40543  24.332
 5.9847 5.22717 2.40542 24.3321
 5.9847 5.22717 2.40542 24.3321
 5.9847 5.22717 2.40542  24.332
 5.9847 5.22717 2.40542 24.3321
 5.9847 5.22717 2.40542 24.3321
 5.9847 5.22717 2.40542 24.3321
 5.9847 5.22717 2.40542 24.3321
 5.9847 5.22717 2.40542 24.3321
 5.9847 5.22717 2.40542 24.3321
 5.9847 5.22717 2.40542 24.3321
 5.9847 5.22717 2.40542 24.3321
 5.9847 5.22717 2.40542 24.3321
 5.9847 5.22717 2.40542  24.332
 5.9847 5.22717 2.40543  24.332
 5.9847 5.22717 2.40542 24.3321
 5.9847 5.22717 2.40542 24.3321
 5.9847 5.22717 2.40542 24.3321
 5.9847 5.22717 2.40542 24.3321
 5.9847 5.22717 2.40543  24.332
 5.9847 5.22717 2.40542  24.332
 5.9847 5.22717 2.40542 24.3321
 5.9847 5.22717 2.40542 24.3321
 5.9847 5.22717 2.40542 24.3321
 5.9847 5.22717 2.40542 24.3321
 5.9847 5.22717 2.40542 24.3321
 5.9847 5.22717 2.40542  24.332
 5.9847 5.22717 2.40542 24.3321
 5.9847 5.22717 2.40542 24.3321
 5.9847 5.22717 2.40542 24.3321
 5.9847 5.22717 2.40543  24.332
 5.9847 5.22717 2.40542 24.3321
 5.9847 5.22717 2.40542 24.3321
 5.9847 5.22717 2.40542 24.3321
 5.9847 5.22717 2.40542 24.3321
 5.9847 5.22717 2.40542 24.3321
 5.9847 5.22717 2.40542 24.3321
 5.9847 5.22717 2.40542 24.3321
 5.9847 5.22717 2.40542 24.3321
 5.9847 5.22717 2.40542 24.3321
 5.9847 5.22717 2.40542 24.3321
 5.9847 5.22717 2.40542 24.3321
 5.9847 5.22717 2.40542 24.3321
 5.9847 5.22717 2.40542 24.3321
 5.9847 5.22717 2.40542 24.3321
 5.9847 5.22717 2.40542 24.3321
 5.9847 5.22717 2.40542 24.3321
 5.9847 5.22717 2.40542 24.3321
 5.9847 5.22717 2.40542 24.3321
 5.9847 5.22717 2.40542 24.3321
 5.9847 5.22717 2.40543  24.332
 5.9847 5.22717 2.40542 24.3321
 5.9847 5.22717 2.40543  24.332
 5.9847 5.22717 2.40542 24.3321
 5.9847 5.22717 2.40542 24.3321
 5.9847 5.22717 2.40542 24.3321
 5.9847 5.22717 2.40542 24.3321
 5.9847 5.22717 2.40542 24.3321
 5.9847 5.22717 2.40542 24.3321
 5.9847 5.22717 2.40543  24.332
 5.9847 5.22717 2.40542 24.3321
 5.9847 5.22717 2.40542  24.332
 5.9847 5.22717 2.40542  24.332
 5.9847 5.22717 2.40542 24.3321
 5.9847 5.22717 2.40543  24.332
 5.9847 5.22717 2.40542 24.3321
 5.9847 5.22717 2.40542  24.332
 5.9847 5.22717 2.40542 24.3321
 5.9847 5.22717 2.40542 24.3321
 5.9847 5.22717 2.40542 24.3321
 5.9847 5.22717 2.40542 24.3321
 5.9847 5.22717 2.40542 24.3321
 5.9847 5.22717 2.40542 24.3321
 5.9847 5.22717 2.40542 24.3321
 5.9847 5.22717 2.40542 24.3321
 5.9847 5.22717 2.40542 24.3321
 5.9847 5.22717 2.40542 24.3321
 5.9847 5.22717 2.40542 24.3321
 5.9847 5.22717 2.40542 24.3321
 5.9847 5.22717 2.40542 24.3321
 5.9847 5.22717 2.40542 24.3321
 5.9847 5.22717 2.40542 24.3321
 5.9847 5.22717 2.40542 24.3321
 5.9847 5.22717 2.40542 24.3321
 5.9847 5.22717 2.40542 24.3321
 5.9847 5.22717 2.40542 24.3321
 5.9847 5.22717 2.40542 24.3321
 5.9847 5.22717 2.40542 24.3321
 5.9847 5.22717 2.40543  24.332
 5.9847 5.22717 2.40543  24.332
 5.9847 5.22717 2.40542 24.3321
 5.9847 5.22717 2.40542 24.3321
 5.9847 5.22717 2.40542 24.3321
 5.9847 5.22717 2.40542 24.3321
 5.9847 5.22717 2.40542 24.3321
 5.9847 5.22717 2.40543  24.332
 5.9847 5.22717 2.40542 24.3321
 5.9847 5.22717 2.40542 24.3321
 5.9847 5.22717 2.40542 24.3321
 5.9847 5.22717 2.40542 24.3321
 5.9847 5.22717 2.40542 24.3321
 5.9847 5.22717 2.40543  24.332
 5.9847 5.22717 2.40542 24.3321
 5.9847 5.22717 2.40542 24.3321
 5.9847 5.22717 2.40542 24.3321
 5.9847 5.22717 2.40542 24.3321
 5.9847 5.22717 2.40542 24.3321
 5.9847 5.22717 2.40542 24.3321
 5.9847 5.22717 2.40542 24.3321
 5.9847 5.22717 2.40542 24.3321
 5.9847 5.22717 2.40542 24.3321
 5.9847 5.22717 2.40542 24.3321
 5.9847 5.22717 2.40543  24.332
 5.9847 5.22717 2.40542 24.3321
 5.9847 5.22717 2.40542 24.3321
 5.9847 5.22717 2.40542 24.3321
 5.9847 5.22717 2.40543  24.332
 5.9847 5.22717 2.40542 24.3321
 5.9847 5.22717 2.40542 24.3321
 5.9847 5.22717 2.40542 24.3321
 5.9847 5.22717 2.40542 24.3321
 5.9847 5.22717 2.40542 24.3321
 5.9847 5.22717 2.40543  24.332
 5.9847 5.22717 2.40542 24.3321
 5.9847 5.22717 2.40542 24.3321
 5.9847 5.22717 2.40542 24.3321
 5.9847 5.22717 2.40542 24.3321
 5.9847 5.22717 2.40542 24.3321
 5.9847 5.22717 2.40542 24.3321
 5.9847 5.22717 2.40542 24.3321
 5.9847 5.22717 2.40542  24.332
 5.9847 5.22717 2.40542 24.3321
 5.9847 5.22717 2.40542  24.332
 5.9847 5.22717 2.40542 24.3321
 5.9847 5.22717 2.40542 24.3321
 5.9847 5.22717 2.40542  24.332
 5.9847 5.22717 2.40542 24.3321
 5.9847 5.22717 2.40542 24.3321
 5.9847 5.22717 2.40542 24.3321
 5.9847 5.22717 2.40543  24.332
 5.9847 5.22717 2.40542 24.3321
 5.9847 5.22717 2.40542 24.3321
 5.9847 5.22717 2.40542 24.3321
 5.9847 5.22717 2.40542  24.332
 5.9847 5.22717 2.40543  24.332
 5.9847 5.22717 2.40542 24.3321
 5.9847 5.22717 2.40543  24.332
 5.9847 5.22717 2.40542 24.3321
 5.9847 5.22717 2.40543  24.332
 5.9847 5.22717 2.40543  24.332
 5.9847 5.22717 2.40542 24.3321
 5.9847 5.22717 2.40542 24.3321
 5.9847 5.22717 2.40542  24.332
 5.9847 5.22717 2.40542 24.3321
 5.9847 5.22717 2.40542 24.3321
 5.9847 5.22717 2.40542 24.3321
 5.9847 5.22717 2.40542 24.3321
 5.9847 5.22717 2.40542 24.3321
 5.9847 5.22717 2.40542 24.3321
 5.9847 5.22717 2.40542 24.3321
 5.9847 5.22717 2.40542 24.3321
 5.9847 5.22717 2.40542 24.3321
 5.9847 5.22717 2.40542 24.3321
 5.9847 5.22717 2.40542 24.3321
 5.9847 5.22717 2.40542  24.332
 5.9847 5.22717 2.40543  24.332
 5.9847 5.22717 2.40542 24.3321
 5.9847 5.22717 2.40543  24.332
 5.9847 5.22717 2.40542 24.3321
 5.9847 5.22717 2.40542 24.3321
 5.9847 5.22717 2.40542 24.3321
 5.9847 5.22717 2.40542 24.3321
 5.9847 5.22717 2.40542 24.3321
 5.9847 5.22717 2.40542  24.332
 5.9847 5.22717 2.40542 24.3321
 5.9847 5.22717 2.40542 24.3321
 5.9847 5.22717 2.40543  24.332
 5.9847 5.22717 2.40542 24.3321
 5.9847 5.22717 2.40542 24.3321
 5.9847 5.22717 2.40542  24.332
 5.9847 5.22717 2.40542 24.3321
 5.9847 5.22717 2.40542 24.3321
 5.9847 5.22717 2.40542 24.3321
 5.9847 5.22717 2.40542 24.3321
 5.9847 5.22717 2.40542 24.3321
 5.9847 5.22717 2.40542 24.3321
 5.9847 5.22717 2.40543  24.332
 5.9847 5.22717 2.40542 24.3321
 5.9847 5.22717 2.40543  24.332
 5.9847 5.22717 2.40543  24.332
 5.9847 5.22717 2.40543  24.332
 5.9847 5.22717 2.40542 24.3321
 5.9847 5.22717 2.40542 24.3321
 5.9847 5.22717 2.40542 24.3321
 5.9847 5.22717 2.40543  24.332
 5.9847 5.22717 2.40543  24.332
 5.9847 5.22717 2.40542 24.3321
 5.9847 5.22717 2.40543  24.332
 5.9847 5.22717 2.40543  24.332
 5.9847 5.22717 2.40542 24.3321
 5.9847 5.22717 2.40542 24.3321
 5.9847 5.22717 2.40542 24.3321
 5.9847 5.22717 2.40542 24.3321
 5.9847 5.22717 2.40542 24.3321
 5.9847 5.22717 2.40542 24.3321
 5.9847 5.22717 2.40542  24.332
 5.9847 5.22717 2.40542  24.332
 5.9847 5.22717 2.40542 24.3321
 5.9847 5.22717 2.40542 24.3321
 5.9847 5.22717 2.40542 24.3321
 5.9847 5.22717 2.40542 24.3321
 5.9847 5.22717 2.40542 24.3321
 5.9847 5.22717 2.40542 24.3321
 5.9847 5.22717 2.40542 24.3321
 5.9847 5.22717 2.40543  24.332
 5.9847 5.22717 2.40542 24.3321
 5.9847 5.22717 2.40542 24.3321
 5.9847 5.22717 2.40542 24.3321
 5.9847 5.22717 2.40542 24.3321
 5.9847 5.22717 2.40542 24.3321
 5.9847 5.22717 2.40542 24.3321
 5.9847 5.22717 2.40542 24.3321
 5.9847 5.22717 2.40543  24.332
 5.9847 5.22717 2.40542 24.3321
 5.9847 5.22717 2.40542 24.3321
 5.9847 5.22717 2.40542  24.332
 5.9847 5.22717 2.40542 24.3321
 5.9847 5.22717 2.40542 24.3321
 5.9847 5.22717 2.40542 24.3321
 5.9847 5.22717 2.40542 24.3321
 5.9847 5.22717 2.40542 24.3321
 5.9847 5.22717 2.40542 24.3321
 5.9847 5.22717 2.40542 24.3321
 5.9847 5.22717 2.40542  24.332
 5.9847 5.22717 2.40542 24.3321
 5.9847 5.22717 2.40542 24.3321
 5.9847 5.22717 2.40542 24.3321
 5.9847 5.22717 2.40542 24.3321
 5.9847 5.22717 2.40542  24.332
 5.9847 5.22717 2.40542 24.3321
 5.9847 5.22717 2.40542 24.3321
 5.9847 5.22717 2.40542 24.3321
 5.9847 5.22717 2.40542 24.3321
 5.9847 5.22717 2.40542 24.3321
 5.9847 5.22717 2.40543  24.332
 5.9847 5.22717 2.40543  24.332
 5.9847 5.22717 2.40542 24.3321
 5.9847 5.22717 2.40543  24.332
 5.9847 5.22717 2.40543  24.332
 5.9847 5.22717 2.40542 24.3321
 5.9847 5.22717 2.40543  24.332
 5.9847 5.22717 2.40542 24.3321
 5.9847 5.22717 2.40542 24.3321
 5.9847 5.22717 2.40542 24.3321
 5.9847 5.22717 2.40542 24.3321
 5.9847 5.22717 2.40542 24.3321
 5.9847 5.22717 2.40542 24.3321
 5.9847 5.22717 2.40542 24.3321
 5.9847 5.22717 2.40542 24.3321
 5.9847 5.22717 2.40542 24.3321
 5.9847 5.22717 2.40542 24.3321
 5.9847 5.22717 2.40542  24.332
 5.9847 5.22717 2.40542 24.3321
 5.9847 5.22717 2.40542  24.332
 5.9847 5.22717 2.40543  24.332
 5.9847 5.22717 2.40543  24.332
 5.9847 5.22717 2.40542 24.3321
 5.9847 5.22717 2.40542 24.3321
 5.9847 5.22717 2.40542 24.3321
 5.9847 5.22717 2.40542 24.3321
 5.9847 5.22717 2.40542 24.3321
 5.9847 5.22717 2.40542 24.3321
 5.9847 5.22717 2.40542 24.3321
 5.9847 5.22717 2.40542 24.3321
 5.9847 5.22717 2.40542 24.3321
 5.9847 5.22717 2.40542 24.3321
 5.9847 5.22717 2.40542  24.332
 5.9847 5.22717 2.40542 24.3321
 5.9847 5.22717 2.40542 24.3321
 5.9847 5.22717 2.40542 24.3321
 5.9847 5.22717 2.40543  24.332
 5.9847 5.22717 2.40542 24.3321
 5.9847 5.22717 2.40542 24.3321
 5.9847 5.22717 2.40542 24.3321
 5.9847 5.22717 2.40542 24.3321
 5.9847 5.22717 2.40542 24.3321
 5.9847 5.22717 2.40542 24.3321
 5.9847 5.22717 2.40542 24.3321
 5.9847 5.22717 2.40542  24.332
 5.9847 5.22717 2.40542 24.3321
 5.9847 5.22717 2.40542  24.332
 5.9847 5.22717 2.40543  24.332
 5.9847 5.22717 2.40542 24.3321
 5.9847 5.22717 2.40542 24.3321
 5.9847 5.22717 2.40542 24.3321
 5.9847 5.22717 2.40542 24.3321
 5.9847 5.22717 2.40542 24.3321
 5.9847 5.22717 2.40542 24.3321
 5.9847 5.22717 2.40542 24.3321
 5.9847 5.22717 2.40542 24.3321
 5.9847 5.22717 2.40542 24.3321
 5.9847 5.22717 2.40542 24.3321
 5.9847 5.22717 2.40542 24.3321
 5.9847 5.22717 2.40542  24.332
 5.9847 5.22717 2.40542 24.3321
 5.9847 5.22717 2.40542 24.3321
 5.9847 5.22717 2.40542 24.3321
 5.9847 5.22717 2.40542 24.3321
 5.9847 5.22717 2.40542 24.3321
 5.9847 5.22717 2.40542 24.3321
 5.9847 5.22717 2.40542  24.332
 5.9847 5.22717 2.40542 24.3321
 5.9847 5.22717 2.40542 24.3321
 5.9847 5.22717 2.40542 24.3321
 5.9847 5.22717 2.40542 24.3321
 5.9847 5.22717 2.40542 24.3321
 5.9847 5.22717 2.40542 24.3321
 5.9847 5.22717 2.40542 24.3321
 5.9847 5.22717 2.40542 24.3321
 5.9847 5.22717 2.40542  24.332
 5.9847 5.22717 2.40542 24.3321
 5.9847 5.22717 2.40542 24.3321
 5.9847 5.22717 2.40542  24.332
 5.9847 5.22717 2.40542 24.3321
 5.9847 5.22717 2.40542 24.3321
 5.9847 5.22717 2.40542 24.3321
 5.9847 5.22717 2.40542 24.3321
 5.9847 5.22717 2.40542 24.3321
 5.9847 5.22717 2.40542 24.3321
 5.9847 5.22717 2.40542 24.3321
 5.9847 5.22717 2.40542 24.3321
 5.9847 5.22717 2.40543  24.332
 5.9847 5.22717 2.40542 24.3321
 5.9847 5.22717 2.40542 24.3321
 5.9847 5.22717 2.40542 24.3321
 5.9847 5.22717 2.40542 24.3321
 5.9847 5.22717 2.40542 24.3321
 5.9847 5.22717 2.40543  24.332
 5.9847 5.22717 2.40543  24.332
 5.9847 5.22717 2.40542 24.3321
 5.9847 5.22717 2.40542 24.3321
 5.9847 5.22717 2.40542 24.3321
 5.9847 5.22717 2.40543  24.332
 5.9847 5.22717 2.40542 24.3321
 5.9847 5.22717 2.40542 24.3321
 5.9847 5.22717 2.40542 24.3321
 5.9847 5.22717 2.40542 24.3321
 5.9847 5.22717 2.40542 24.3321
 5.9847 5.22717 2.40542 24.3321
 5.9847 5.22717 2.40542 24.3321
 5.9847 5.22717 2.40542 24.3321
 5.9847 5.22717 2.40543  24.332
 5.9847 5.22717 2.40542 24.3321
 5.9847 5.22717 2.40542 24.3321
 5.9847 5.22717 2.40542 24.3321
 5.9847 5.22717 2.40542 24.3321
 5.9847 5.22717 2.40542  24.332
 5.9847 5.22717 2.40542 24.3321
 5.9847 5.22717 2.40542 24.3321
 5.9847 5.22717 2.40542 24.3321
 5.9847 5.22717 2.40543  24.332
 5.9847 5.22717 2.40542 24.3321
 5.9847 5.22717 2.40542 24.3321
 5.9847 5.22717 2.40542  24.332
 5.9847 5.22717 2.40542 24.3321
 5.9847 5.22717 2.40542 24.3321
 5.9847 5.22717 2.40542 24.3321
 5.9847 5.22717 2.40543  24.332
 5.9847 5.22717 2.40542 24.3321
 5.9847 5.22717 2.40542  24.332
 5.9847 5.22717 2.40542  24.332
 5.9847 5.22717 2.40542 24.3321
 5.9847 5.22717 2.40542 24.3321
 5.9847 5.22717 2.40542 24.3321
 5.9847 5.22717 2.40542 24.3321
 5.9847 5.22717 2.40542  24.332
 5.9847 5.22717 2.40543  24.332
 5.9847 5.22717 2.40542 24.3321
 5.9847 5.22717 2.40542 24.3321
 5.9847 5.22717 2.40542 24.3321
 5.9847 5.22717 2.40543  24.332
 5.9847 5.22717 2.40542  24.332
 5.9847 5.22717 2.40542 24.3321
 5.9847 5.22717 2.40542  24.332
 5.9847 5.22717 2.40542 24.3321
 5.9847 5.22717 2.40542 24.3321
 5.9847 5.22717 2.40542 24.3321
 5.9847 5.22717 2.40542  24.332
 5.9847 5.22717 2.40542 24.3321
 5.9847 5.22717 2.40542 24.3321
 5.9847 5.22717 2.40543  24.332
 5.9847 5.22717 2.40542 24.3321
 5.9847 5.22717 2.40542  24.332
 5.9847 5.22717 2.40542 24.3321
 5.9847 5.22717 2.40542 24.3321
 5.9847 5.22717 2.40542 24.3321
 5.9847 5.22717 2.40542 24.3321
 5.9847 5.22717 2.40542 24.3321
 5.9847 5.22717 2.40542 24.3321
 5.9847 5.22717 2.40542 24.3321
 5.9847 5.22717 2.40542 24.3321
 5.9847 5.22717 2.40542 24.3321
 5.9847 5.22717 2.40542 24.3321
 5.9847 5.22717 2.40542 24.3321
 5.9847 5.22717 2.40542 24.3321
 5.9847 5.22717 2.40542 24.3321
 5.9847 5.22717 2.40543  24.332
 5.9847 5.22717 2.40542 24.3321
 5.9847 5.22717 2.40542 24.3321
 5.9847 5.22717 2.40543  24.332
 5.9847 5.22717 2.40542 24.3321
 5.9847 5.22717 2.40542 24.3321
 5.9847 5.22717 2.40542 24.3321
 5.9847 5.22717 2.40542 24.3321
 5.9847 5.22717 2.40542 24.3321
 5.9847 5.22717 2.40542 24.3321
 5.9847 5.22717 2.40542 24.3321
 5.9847 5.22717 2.40543  24.332
 5.9847 5.22717 2.40543  24.332
 5.9847 5.22717 2.40542 24.3321
 5.9847 5.22717 2.40542 24.3321
 5.9847 5.22717 2.40542 24.3321
 5.9847 5.22717 2.40542 24.3321
 5.9847 5.22717 2.40542 24.3321
 5.9847 5.22717 2.40542  24.332
 5.9847 5.22717 2.40542 24.3321
 5.9847 5.22717 2.40542 24.3321
 5.9847 5.22717 2.40542 24.3321
 5.9847 5.22717 2.40542 24.3321
 5.9847 5.22717 2.40542  24.332
 5.9847 5.22717 2.40542 24.3321
 5.9847 5.22717 2.40542 24.3321
 5.9847 5.22717 2.40542 24.3321
 5.9847 5.22717 2.40542  24.332
 5.9847 5.22717 2.40542 24.3321
 5.9847 5.22717 2.40543  24.332
 5.9847 5.22717 2.40542 24.3321
 5.9847 5.22717 2.40542 24.3321
 5.9847 5.22717 2.40543  24.332
 5.9847 5.22717 2.40543  24.332
 5.9847 5.22717 2.40542 24.3321
 5.9847 5.22717 2.40542 24.3321
 5.9847 5.22717 2.40542 24.3321
 5.9847 5.22717 2.40542  24.332
 5.9847 5.22717 2.40543  24.332
 5.9847 5.22717 2.40542 24.3321
 5.9847 5.22717 2.40542  24.332
 5.9847 5.22717 2.40542 24.3321
 5.9847 5.22717 2.40542  24.332
 5.9847 5.22717 2.40543  24.332
 5.9847 5.22717 2.40542 24.3321
 5.9847 5.22717 2.40543  24.332
 5.9847 5.22717 2.40543  24.332
 5.9847 5.22717 2.40542  24.332
 5.9847 5.22717 2.40542 24.3321
 5.9847 5.22717 2.40542 24.3321
 5.9847 5.22717 2.40543  24.332
 5.9847 5.22717 2.40542 24.3321
 5.9847 5.22717 2.40542 24.3321
 5.9847 5.22717 2.40542 24.3321
 5.9847 5.22717 2.40542 24.3321
 5.9847 5.22717 2.40542 24.3321
 5.9847 5.22717 2.40542  24.332
 5.9847 5.22717 2.40542  24.332
 5.9847 5.22717 2.40542 24.3321
 5.9847 5.22717 2.40542 24.3321
 5.9847 5.22717 2.40543  24.332
 5.9847 5.22717 2.40542 24.3321
 5.9847 5.22717 2.40543  24.332
 5.9847 5.22717 2.40542 24.3321
 5.9847 5.22717 2.40542 24.3321
 5.9847 5.22717 2.40543  24.332
 5.9847 5.22717 2.40542 24.3321
 5.9847 5.22717 2.40542 24.3321
 5.9847 5.22717 2.40542  24.332
 5.9847 5.22717 2.40542 24.3321
 5.9847 5.22717 2.40543  24.332
 5.9847 5.22717 2.40542 24.3321
 5.9847 5.22717 2.40542 24.3321
 5.9847 5.22717 2.40542 24.3321
 5.9847 5.22717 2.40543  24.332
 5.9847 5.22717 2.40542 24.3321
 5.9847 5.22717 2.40542 24.3321
 5.9847 5.22717 2.40542 24.3321
 5.9847 5.22717 2.40542 24.3321
 5.9847 5.22717 2.40542 24.3321
 5.9847 5.22717 2.40542 24.3321
 5.9847 5.22717 2.40542 24.3321
 5.9847 5.22717 2.40543  24.332
 5.9847 5.22717 2.40542 24.3321
 5.9847 5.22717 2.40542 24.3321
 5.9847 5.22717 2.40543  24.332
 5.9847 5.22717 2.40542 24.3321
 5.9847 5.22717 2.40542 24.3321
 5.9847 5.22717 2.40542 24.3321
 5.9847 5.22717 2.40542  24.332
 5.9847 5.22717 2.40542  24.332
 5.9847 5.22717 2.40543  24.332
 5.9847 5.22717 2.40542 24.3321
 5.9847 5.22717 2.40542 24.3321
 5.9847 5.22717 2.40542 24.3321
 5.9847 5.22717 2.40542  24.332
 5.9847 5.22717 2.40542  24.332
 5.9847 5.22717 2.40542 24.3321
 5.9847 5.22717 2.40542 24.3321
 5.9847 5.22717 2.40542 24.3321
 5.9847 5.22717 2.40542 24.3321
 5.9847 5.22717 2.40543  24.332
 5.9847 5.22717 2.40542 24.3321
 5.9847 5.22717 2.40542 24.3321
 5.9847 5.22717 2.40542  24.332
 5.9847 5.22717 2.40542 24.3321
 5.9847 5.22717 2.40542 24.3321
 5.9847 5.22717 2.40542 24.3321
 5.9847 5.22717 2.40542 24.3321
 5.9847 5.22717 2.40542 24.3321
 5.9847 5.22717 2.40542 24.3321
 5.9847 5.22717 2.40543  24.332
 5.9847 5.22717 2.40542 24.3321
 5.9847 5.22717 2.40542 24.3321
 5.9847 5.22717 2.40542 24.3321
 5.9847 5.22717 2.40543  24.332
 5.9847 5.22717 2.40542 24.3321
 5.9847 5.22717 2.40542 24.3321
 5.9847 5.22717 2.40542 24.3321
 5.9847 5.22717 2.40542 24.3321
 5.9847 5.22717 2.40542 24.3321
 5.9847 5.22717 2.40542 24.3321
 5.9847 5.22717 2.40542 24.3321
 5.9847 5.22717 2.40542 24.3321
 5.9847 5.22717 2.40542 24.3321
 5.9847 5.22717 2.40542 24.3321
 5.9847 5.22717 2.40542 24.3321
 5.9847 5.22717 2.40542 24.3321
 5.9847 5.22717 2.40542 24.3321
 5.9847 5.22717 2.40542 24.3321
 5.9847 5.22717 2.40543  24.332
 5.9847 5.22717 2.40542  24.332
 5.9847 5.22717 2.40543  24.332
 5.9847 5.22717 2.40542 24.3321
 5.9847 5.22717 2.40542 24.3321
 5.9847 5.22717 2.40542 24.3321
 5.9847 5.22717 2.40542 24.3321
 5.9847 5.22717 2.40542 24.3321
 5.9847 5.22717 2.40542 24.3321
 5.9847 5.22717 2.40542 24.3321
 5.9847 5.22717 2.40542 24.3321
 5.9847 5.22717 2.40542 24.3321
 5.9847 5.22717 2.40542 24.3321
 5.9847 5.22717 2.40543  24.332
 5.9847 5.22717 2.40542 24.3321
 5.9847 5.22717 2.40542 24.3321
 5.9847 5.22717 2.40542 24.3321
 5.9847 5.22717 2.40542  24.332
 5.9847 5.22717 2.40542 24.3321
 5.9847 5.22717 2.40542  24.332
 5.9847 5.22717 2.40543  24.332
 5.9847 5.22717 2.40542 24.3321
 5.9847 5.22717 2.40542 24.3321
 5.9847 5.22717 2.40542 24.3321
 5.9847 5.22717 2.40542  24.332
 5.9847 5.22717 2.40542 24.3321
 5.9847 5.22717 2.40542  24.332
 5.9847 5.22717 2.40542  24.332
 5.9847 5.22717 2.40543  24.332
 5.9847 5.22717 2.40542 24.3321
 5.9847 5.22717 2.40542 24.3321
 5.9847 5.22717 2.40542 24.3321
 5.9847 5.22717 2.40542 24.3321
 5.9847 5.22717 2.40542 24.3321
 5.9847 5.22717 2.40542 24.3321
 5.9847 5.22717 2.40542 24.3321
 5.9847 5.22717 2.40542 24.3321
 5.9847 5.22717 2.40542  24.332
 5.9847 5.22717 2.40542 24.3321
 5.9847 5.22717 2.40542 24.3321
 5.9847 5.22717 2.40542 24.3321
 5.9847 5.22717 2.40542 24.3321
 5.9847 5.22717 2.40543  24.332
 5.9847 5.22717 2.40542 24.3321
 5.9847 5.22717 2.40543  24.332
 5.9847 5.22717 2.40542 24.3321
 5.9847 5.22717 2.40542 24.3321
 5.9847 5.22717 2.40542 24.3321
 5.9847 5.22717 2.40542 24.3321
 5.9847 5.22717 2.40543  24.332
 5.9847 5.22717 2.40542 24.3321
 5.9847 5.22717 2.40542  24.332
 5.9847 5.22717 2.40542 24.3321
 5.9847 5.22717 2.40543  24.332
 5.9847 5.22717 2.40542 24.3321
 5.9847 5.22717 2.40542 24.3321
 5.9847 5.22717 2.40543  24.332
 5.9847 5.22717 2.40542 24.3321
 5.9847 5.22717 2.40542 24.3321
 5.9847 5.22717 2.40542 24.3321
 5.9847 5.22717 2.40542 24.3321
 5.9847 5.22717 2.40542 24.3321
 5.9847 5.22717 2.40542 24.3321
 5.9847 5.22717 2.40542 24.3321
 5.9847 5.22717 2.40542 24.3321
 5.9847 5.22717 2.40542 24.3321
 5.9847 5.22717 2.40542 24.3321
 5.9847 5.22717 2.40542 24.3321
 5.9847 5.22717 2.40542  24.332
 5.9847 5.22717 2.40542 24.3321
 5.9847 5.22717 2.40542 24.3321
 5.9847 5.22717 2.40542 24.3321
 5.9847 5.22717 2.40542 24.3321
 5.9847 5.22717 2.40542 24.3321
 5.9847 5.22717 2.40542 24.3321
 5.9847 5.22717 2.40543  24.332
 5.9847 5.22717 2.40543  24.332
 5.9847 5.22717 2.40542 24.3321
 5.9847 5.22717 2.40542 24.3321
 5.9847 5.22717 2.40542 24.3321
 5.9847 5.22717 2.40542 24.3321
 5.9847 5.22717 2.40542 24.3321
 5.9847 5.22717 2.40542 24.3321
 5.9847 5.22717 2.40543  24.332
 5.9847 5.22717 2.40542 24.3321
 5.9847 5.22717 2.40542 24.3321
 5.9847 5.22717 2.40543  24.332
 5.9847 5.22717 2.40542 24.3321
 5.9847 5.22717 2.40543  24.332
 5.9847 5.22717 2.40543  24.332
 5.9847 5.22717 2.40543  24.332
 5.9847 5.22717 2.40542 24.3321
 5.9847 5.22717 2.40542 24.3321
 5.9847 5.22717 2.40542 24.3321
 5.9847 5.22717 2.40542 24.3321
 5.9847 5.22717 2.40542 24.3321
 5.9847 5.22717 2.40542 24.3321
 5.9847 5.22717 2.40542 24.3321
 5.9847 5.22717 2.40542 24.3321
 5.9847 5.22717 2.40542 24.3321
 5.9847 5.22717 2.40542 24.3321
 5.9847 5.22717 2.40542 24.3321
 5.9847 5.22717 2.40542 24.3321
 5.9847 5.22717 2.40542 24.3321
 5.9847 5.22717 2.40543  24.332
 5.9847 5.22717 2.40542 24.3321
 5.9847 5.22717 2.40543  24.332
 5.9847 5.22717 2.40542 24.3321
 5.9847 5.22717 2.40543  24.332
 5.9847 5.22717 2.40542 24.3321
 5.9847 5.22717 2.40542 24.3321
 5.9847 5.22717 2.40542 24.3321
 5.9847 5.22717 2.40542 24.3321
 5.9847 5.22717 2.40542 24.3321
 5.9847 5.22717 2.40542 24.3321
 5.9847 5.22717 2.40542 24.3321
 5.9847 5.22717 2.40542 24.3321
 5.9847 5.22717 2.40542 24.3321
 5.9847 5.22717 2.40542 24.3321
 5.9847 5.22717 2.40542 24.3321
 5.9847 5.22717 2.40542  24.332
 5.9847 5.22717 2.40542 24.3321
 5.9847 5.22717 2.40542 24.3321
 5.9847 5.22717 2.40542 24.3321
 5.9847 5.22717 2.40542 24.3321
 5.9847 5.22717 2.40542 24.3321
 5.9847 5.22717 2.40542 24.3321
 5.9847 5.22717 2.40542 24.3321
 5.9847 5.22717 2.40542 24.3321
 5.9847 5.22717 2.40542 24.3321
 5.9847 5.22717 2.40543  24.332
 5.9847 5.22717 2.40542 24.3321
 5.9847 5.22717 2.40543  24.332
 5.9847 5.22717 2.40542  24.332
 5.9847 5.22717 2.40542 24.3321
 5.9847 5.22717 2.40543  24.332
 5.9847 5.22717 2.40542  24.332
 5.9847 5.22717 2.40542 24.3321
 5.9847 5.22717 2.40543  24.332
 5.9847 5.22717 2.40542 24.3321
 5.9847 5.22717 2.40542 24.3321
 5.9847 5.22717 2.40542 24.3321
 5.9847 5.22717 2.40542 24.3321
 5.9847 5.22717 2.40542 24.3321
 5.9847 5.22717 2.40542 24.3321
 5.9847 5.22717 2.40542 24.3321
 5.9847 5.22717 2.40543  24.332
 5.9847 5.22717 2.40542 24.3321
 5.9847 5.22717 2.40542 24.3321
 5.9847 5.22717 2.40542 24.3321
 5.9847 5.22717 2.40542 24.3321
 5.9847 5.22717 2.40542 24.3321
 5.9847 5.22717 2.40542 24.3321
 5.9847 5.22717 2.40542 24.3321
 5.9847 5.22717 2.40542 24.3321
 5.9847 5.22717 2.40542 24.3321
 5.9847 5.22717 2.40543  24.332
 5.9847 5.22717 2.40542 24.3321
 5.9847 5.22717 2.40542 24.3321
 5.9847 5.22717 2.40542 24.3321
 5.9847 5.22717 2.40542 24.3321
 5.9847 5.22717 2.40542 24.3321
 5.9847 5.22717 2.40542 24.3321
 5.9847 5.22717 2.40542 24.3321
 5.9847 5.22717 2.40543  24.332
 5.9847 5.22717 2.40542 24.3321
 5.9847 5.22717 2.40542 24.3321
 5.9847 5.22717 2.40542 24.3321
 5.9847 5.22717 2.40542 24.3321
 5.9847 5.22717 2.40542 24.3321
 5.9847 5.22717 2.40542 24.3321
 5.9847 5.22717 2.40542 24.3321
 5.9847 5.22717 2.40542 24.3321
 5.9847 5.22717 2.40542 24.3321
 5.9847 5.22717 2.40542 24.3321
 5.9847 5.22717 2.40542 24.3321
 5.9847 5.22717 2.40542 24.3321
 5.9847 5.22717 2.40542 24.3321
 5.9847 5.22717 2.40542 24.3321
 5.9847 5.22717 2.40542 24.3321
 5.9847 5.22717 2.40543  24.332
 5.9847 5.22717 2.40543  24.332
 5.9847 5.22717 2.40542 24.3321
 5.9847 5.22717 2.40543  24.332
 5.9847 5.22717 2.40543  24.332
 5.9847 5.22717 2.40543  24.332
 5.9847 5.22717 2.40542 24.3321
 5.9847 5.22717 2.40542 24.3321
 5.9847 5.22717 2.40542 24.3321
 5.9847 5.22717 2.40542 24.3321
 5.9847 5.22717 2.40542 24.3321
 5.9847 5.22717 2.40542 24.3321
 5.9847 5.22717 2.40542 24.3321
 5.9847 5.22717 2.40542 24.3321
 5.9847 5.22717 2.40542 24.3321
 5.9847 5.22717 2.40542 24.3321
 5.9847 5.22717 2.40542 24.3321
 5.9847 5.22717 2.40542 24.3321
 5.9847 5.22717 2.40542 24.3321
 5.9847 5.22717 2.40542 24.3321
 5.9847 5.22717 2.40542 24.3321
 5.9847 5.22717 2.40542 24.3321
 5.9847 5.22717 2.40542 24.3321
 5.9847 5.22717 2.40543  24.332
 5.9847 5.22717 2.40543  24.332
 5.9847 5.22717 2.40543  24.332
 5.9847 5.22717 2.40542 24.3321
 5.9847 5.22717 2.40542 24.3321
 5.9847 5.22717 2.40543  24.332
 5.9847 5.22717 2.40542  24.332
 5.9847 5.22717 2.40542 24.3321
 5.9847 5.22717 2.40542 24.3321
 5.9847 5.22717 2.40542 24.3321
 5.9847 5.22717 2.40542  24.332
 5.9847 5.22717 2.40542  24.332
 5.9847 5.22717 2.40542 24.3321
 5.9847 5.22717 2.40542 24.3321
 5.9847 5.22717 2.40542 24.3321
 5.9847 5.22717 2.40542 24.3321
 5.9847 5.22717 2.40542 24.3321
 5.9847 5.22717 2.40542 24.3321
 5.9847 5.22717 2.40542 24.3321
 5.9847 5.22717 2.40542 24.3321
 5.9847 5.22717 2.40542  24.332
 5.9847 5.22717 2.40542 24.3321
 5.9847 5.22717 2.40542 24.3321
 5.9847 5.22717 2.40543  24.332
 5.9847 5.22717 2.40542 24.3321
 5.9847 5.22717 2.40542 24.3321
 5.9847 5.22717 2.40543  24.332
 5.9847 5.22717 2.40542 24.3321
 5.9847 5.22717 2.40542 24.3321
 5.9847 5.22717 2.40542 24.3321
 5.9847 5.22717 2.40542 24.3321
 5.9847 5.22717 2.40542 24.3321
 5.9847 5.22717 2.40542 24.3321
 5.9847 5.22717 2.40542  24.332
 5.9847 5.22717 2.40543  24.332
 5.9847 5.22717 2.40542 24.3321
 5.9847 5.22717 2.40542 24.3321
 5.9847 5.22717 2.40542  24.332
 5.9847 5.22717 2.40542 24.3321
 5.9847 5.22717 2.40543  24.332
 5.9847 5.22717 2.40542 24.3321
 5.9847 5.22717 2.40542 24.3321
 5.9847 5.22717 2.40542 24.3321
 5.9847 5.22717 2.40542 24.3321
 5.9847 5.22717 2.40542 24.3321
 5.9847 5.22717 2.40543  24.332
 5.9847 5.22717 2.40542 24.3321
 5.9847 5.22717 2.40543  24.332
 5.9847 5.22717 2.40542  24.332
 5.9847 5.22717 2.40542 24.3321
 5.9847 5.22717 2.40542  24.332
 5.9847 5.22717 2.40542 24.3321
 5.9847 5.22717 2.40542 24.3321
 5.9847 5.22717 2.40542 24.3321
 5.9847 5.22717 2.40543  24.332
 5.9847 5.22717 2.40542 24.3321
 5.9847 5.22717 2.40542 24.3321
 5.9847 5.22717 2.40543  24.332
 5.9847 5.22717 2.40543  24.332
 5.9847 5.22717 2.40542 24.3321
 5.9847 5.22717 2.40543  24.332
 5.9847 5.22717 2.40542 24.3321
 5.9847 5.22717 2.40542 24.3321
 5.9847 5.22717 2.40542 24.3321
 5.9847 5.22717 2.40542 24.3321
 5.9847 5.22717 2.40542 24.3321
 5.9847 5.22717 2.40542 24.3321
 5.9847 5.22717 2.40542 24.3321
 5.9847 5.22717 2.40542 24.3321
 5.9847 5.22717 2.40542 24.3321
 5.9847 5.22717 2.40542 24.3321
 5.9847 5.22717 2.40542 24.3321
 5.9847 5.22717 2.40543  24.332
 5.9847 5.22717 2.40542 24.3321
 5.9847 5.22717 2.40542 24.3321
 5.9847 5.22717 2.40542 24.3321
 5.9847 5.22717 2.40542 24.3321
 5.9847 5.22717 2.40542 24.3321
 5.9847 5.22717 2.40542 24.3321
 5.9847 5.22717 2.40542  24.332
 5.9847 5.22717 2.40542 24.3321
 5.9847 5.22717 2.40542 24.3321
 5.9847 5.22717 2.40542 24.3321
 5.9847 5.22717 2.40542 24.3321
 5.9847 5.22717 2.40542 24.3321
 5.9847 5.22717 2.40542  24.332
 5.9847 5.22717 2.40542 24.3321
 5.9847 5.22717 2.40542 24.3321
 5.9847 5.22717 2.40542 24.3321
 5.9847 5.22717 2.40542  24.332
 5.9847 5.22717 2.40542  24.332
 5.9847 5.22717 2.40542  24.332
 5.9847 5.22717 2.40542 24.3321
 5.9847 5.22717 2.40542 24.3321
 5.9847 5.22717 2.40542 24.3321
 5.9847 5.22717 2.40542  24.332
 5.9847 5.22717 2.40542 24.3321
 5.9847 5.22717 2.40542 24.3321
 5.9847 5.22717 2.40542 24.3321
 5.9847 5.22717 2.40542 24.3321
 5.9847 5.22717 2.40542 24.3321
 5.9847 5.22717 2.40542 24.3321
 5.9847 5.22717 2.40542 24.3321
 5.9847 5.22717 2.40542 24.3321
 5.9847 5.22717 2.40542 24.3321
 5.9847 5.22717 2.40542  24.332
 5.9847 5.22717 2.40542 24.3321
 5.9847 5.22717 2.40542 24.3321
 5.9847 5.22717 2.40542 24.3321
 5.9847 5.22717 2.40542  24.332
 5.9847 5.22717 2.40542 24.3321
 5.9847 5.22717 2.40542 24.3321
 5.9847 5.22717 2.40542 24.3321
 5.9847 5.22717 2.40542 24.3321
 5.9847 5.22717 2.40542 24.3321
 5.9847 5.22717 2.40542 24.3321
 5.9847 5.22717 2.40542 24.3321
 5.9847 5.22717 2.40542 24.3321
 5.9847 5.22717 2.40543  24.332
 5.9847 5.22717 2.40542 24.3321
 5.9847 5.22717 2.40542 24.3321
 5.9847 5.22717 2.40542 24.3321
 5.9847 5.22717 2.40542 24.3321
 5.9847 5.22717 2.40542 24.3321
 5.9847 5.22717 2.40542 24.3321
 5.9847 5.22717 2.40542 24.3321
 5.9847 5.22717 2.40542 24.3321
 5.9847 5.22717 2.40542 24.3321
 5.9847 5.22717 2.40542 24.3321
 5.9847 5.22717 2.40542 24.3321
 5.9847 5.22717 2.40542 24.3321
 5.9847 5.22717 2.40542 24.3321
 5.9847 5.22717 2.40542 24.3321
 5.9847 5.22717 2.40542 24.3321
 5.9847 5.22717 2.40542 24.3321
 5.9847 5.22717 2.40542 24.3321
 5.9847 5.22717 2.40542 24.3321
 5.9847 5.22717 2.40542 24.3321
 5.9847 5.22717 2.40542 24.3321
 5.9847 5.22717 2.40542 24.3321
 5.9847 5.22717 2.40542 24.3321
 5.9847 5.22717 2.40542 24.3321
 5.9847 5.22717 2.40542 24.3321
 5.9847 5.22717 2.40543  24.332
 5.9847 5.22717 2.40542 24.3321
 5.9847 5.22717 2.40542 24.3321
 5.9847 5.22717 2.40542 24.3321
 5.9847 5.22717 2.40542 24.3321
 5.9847 5.22717 2.40542 24.3321
 5.9847 5.22717 2.40542 24.3321
 5.9847 5.22717 2.40542 24.3321
 5.9847 5.22717 2.40542 24.3321
 5.9847 5.22717 2.40542 24.3321
 5.9847 5.22717 2.40542 24.3321
 5.9847 5.22717 2.40542 24.3321
 5.9847 5.22717 2.40542 24.3321
 5.9847 5.22717 2.40542 24.3321
 5.9847 5.22717 2.40542 24.3321
 5.9847 5.22717 2.40542 24.3321
 5.9847 5.22717 2.40542 24.3321
 5.9847 5.22717 2.40542 24.3321
 5.9847 5.22717 2.40543  24.332
 5.9847 5.22717 2.40542 24.3321
 5.9847 5.22717 2.40542 24.3321
 5.9847 5.22717 2.40542 24.3321
 5.9847 5.22717 2.40542 24.3321
 5.9847 5.22717 2.40542 24.3321
 5.9847 5.22717 2.40542 24.3321
 5.9847 5.22717 2.40542 24.3321
 5.9847 5.22717 2.40542 24.3321
 5.9847 5.22717 2.40542 24.3321
 5.9847 5.22717 2.40542 24.3321
 5.9847 5.22717 2.40542 24.3321
 5.9847 5.22717 2.40542 24.3321
 5.9847 5.22717 2.40542  24.332
 5.9847 5.22717 2.40542 24.3321
 5.9847 5.22717 2.40543  24.332
 5.9847 5.22717 2.40542 24.3321
 5.9847 5.22717 2.40542 24.3321
 5.9847 5.22717 2.40542 24.3321
 5.9847 5.22717 2.40542 24.3321
 5.9847 5.22717 2.40542 24.3321
 5.9847 5.22717 2.40542 24.3321
 5.9847 5.22717 2.40543  24.332
 5.9847 5.22717 2.40542 24.3321
 5.9847 5.22717 2.40543  24.332
 5.9847 5.22717 2.40542 24.3321
 5.9847 5.22717 2.40542 24.3321
 5.9847 5.22717 2.40542 24.3321
 5.9847 5.22717 2.40542 24.3321
 5.9847 5.22717 2.40542 24.3321
 5.9847 5.22717 2.40543  24.332
 5.9847 5.22717 2.40542 24.3321
 5.9847 5.22717 2.40542 24.3321
 5.9847 5.22717 2.40542 24.3321
 5.9847 5.22717 2.40542 24.3321
 5.9847 5.22717 2.40542 24.3321
 5.9847 5.22717 2.40542 24.3321
 5.9847 5.22717 2.40543  24.332
 5.9847 5.22717 2.40543  24.332
 5.9847 5.22717 2.40542  24.332
 5.9847 5.22717 2.40542  24.332
 5.9847 5.22717 2.40543  24.332
 5.9847 5.22717 2.40542 24.3321
 5.9847 5.22717 2.40542 24.3321
 5.9847 5.22717 2.40542 24.3321
 5.9847 5.22717 2.40542 24.3321
 5.9847 5.22717 2.40543  24.332
 5.9847 5.22717 2.40542 24.3321
 5.9847 5.22717 2.40542 24.3321
 5.9847 5.22717 2.40543  24.332
 5.9847 5.22717 2.40542 24.3321
 5.9847 5.22717 2.40542 24.3321
 5.9847 5.22717 2.40542  24.332
 5.9847 5.22717 2.40542  24.332
 5.9847 5.22717 2.40543  24.332
 5.9847 5.22717 2.40543  24.332
 5.9847 5.22717 2.40542 24.3321
 5.9847 5.22717 2.40543  24.332
 5.9847 5.22717 2.40542 24.3321
 5.9847 5.22717 2.40542 24.3321
 5.9847 5.22717 2.40543  24.332
 5.9847 5.22717 2.40542 24.3321
 5.9847 5.22717 2.40542 24.3321
 5.9847 5.22717 2.40542 24.3321
 5.9847 5.22717 2.40542 24.3321
 5.9847 5.22717 2.40542 24.3321
 5.9847 5.22717 2.40543  24.332
 5.9847 5.22717 2.40542 24.3321
 5.9847 5.22717 2.40543  24.332
 5.9847 5.22717 2.40542  24.332
 5.9847 5.22717 2.40542 24.3321
 5.9847 5.22717 2.40543  24.332
 5.9847 5.22717 2.40542 24.3321
 5.9847 5.22717 2.40542 24.3321
 5.9847 5.22717 2.40542 24.3321
 5.9847 5.22717 2.40542 24.3321
 5.9847 5.22717 2.40542 24.3321
 5.9847 5.22717 2.40542 24.3321
 5.9847 5.22717 2.40542 24.3321
 5.9847 5.22717 2.40542 24.3321
 5.9847 5.22717 2.40543  24.332
 5.9847 5.22717 2.40542 24.3321
 5.9847 5.22717 2.40542 24.3321
 5.9847 5.22717 2.40543  24.332
 5.9847 5.22717 2.40542 24.3321
 5.9847 5.22717 2.40542 24.3321
 5.9847 5.22717 2.40542 24.3321
 5.9847 5.22717 2.40542 24.3321
 5.9847 5.22717 2.40542 24.3321
 5.9847 5.22717 2.40542 24.3321
 5.9847 5.22717 2.40542 24.3321
 5.9847 5.22717 2.40542 24.3321
 5.9847 5.22717 2.40542 24.3321
 5.9847 5.22717 2.40542 24.3321
 5.9847 5.22717 2.40542 24.3321
 5.9847 5.22717 2.40542 24.3321
 5.9847 5.22717 2.40543  24.332
 5.9847 5.22717 2.40542 24.3321
 5.9847 5.22717 2.40542 24.3321
 5.9847 5.22717 2.40542  24.332
 5.9847 5.22717 2.40542  24.332
 5.9847 5.22717 2.40542 24.3321
 5.9847 5.22717 2.40542 24.3321
 5.9847 5.22717 2.40543  24.332
 5.9847 5.22717 2.40542 24.3321
 5.9847 5.22717 2.40542 24.3321
 5.9847 5.22717 2.40542 24.3321
 5.9847 5.22717 2.40542 24.3321
 5.9847 5.22717 2.40543  24.332
 5.9847 5.22717 2.40542 24.3321
 5.9847 5.22717 2.40542 24.3321
 5.9847 5.22717 2.40542 24.3321
 5.9847 5.22717 2.40542 24.3321
 5.9847 5.22717 2.40542 24.3321
 5.9847 5.22717 2.40542 24.3321
 5.9847 5.22717 2.40542  24.332
 5.9847 5.22717 2.40542  24.332
 5.9847 5.22717 2.40542 24.3321
 5.9847 5.22717 2.40542 24.3321
 5.9847 5.22717 2.40542 24.3321
 5.9847 5.22717 2.40542 24.3321
 5.9847 5.22717 2.40542 24.3321
 5.9847 5.22717 2.40542 24.3321
 5.9847 5.22717 2.40543  24.332
 5.9847 5.22717 2.40543  24.332
 5.9847 5.22717 2.40542 24.3321
 5.9847 5.22717 2.40542 24.3321
 5.9847 5.22717 2.40542 24.3321
 5.9847 5.22717 2.40542 24.3321
 5.9847 5.22717 2.40542 24.3321
 5.9847 5.22717 2.40542  24.332
 5.9847 5.22717 2.40542 24.3321
 5.9847 5.22717 2.40542 24.3321
 5.9847 5.22717 2.40542 24.3321
 5.9847 5.22717 2.40543  24.332
 5.9847 5.22717 2.40542 24.3321
 5.9847 5.22717 2.40542 24.3321
 5.9847 5.22717 2.40542 24.3321
 5.9847 5.22717 2.40542 24.3321
 5.9847 5.22717 2.40542 24.3321
 5.9847 5.22717 2.40543  24.332
 5.9847 5.22717 2.40542 24.3321
 5.9847 5.22717 2.40542 24.3321
 5.9847 5.22717 2.40542 24.3321
 5.9847 5.22717 2.40542 24.3321
 5.9847 5.22717 2.40542 24.3321
 5.9847 5.22717 2.40542 24.3321
 5.9847 5.22717 2.40542 24.3321
 5.9847 5.22717 2.40542 24.3321
 5.9847 5.22717 2.40542 24.3321
 5.9847 5.22717 2.40542 24.3321
 5.9847 5.22717 2.40542 24.3321
 5.9847 5.22717 2.40543  24.332

All Run Estimates:
59.6674 6.52613 3.43839 75.5819 7.47189    9.97 25.8027
CODE FINISHED RUNNING IN 10094 s TIME!
Job Statistics for 2566304:
           JobID       User               Start                 End    Elapsed     MaxRSS   TotalCPU      State Exit        NodeList                                  ReqTRES 
---------------- ---------- ------------------- ------------------- ---------- ---------- ---------- ---------- ---- --------------- ---------------------------------------- 
         2566304   rsjxw007 2022-02-22T18:16:07 2022-02-22T21:04:25   02:48:18            3-05:49:37  COMPLETED  0:0   r1pl-hpcf-n24     billing=30,cpu=30,mem=234360M,node=1 
   2566304.batch            2022-02-22T18:16:07 2022-02-22T21:04:25   02:48:18      3.43M 3-05:49:37  COMPLETED  0:0   r1pl-hpcf-n24                                          
  2566304.extern            2022-02-22T18:16:07 2022-02-22T21:04:25   02:48:18          0  00:00.001  COMPLETED  0:0   r1pl-hpcf-n24                                          
CPU Efficiency: 92.49% of 3-12:09:00 core-walltime
