warning: Pulling without specifying how to reconcile divergent branches is
discouraged. You can squelch this message by running one of the following
commands sometime before your next pull:

  git config pull.rebase false  # merge (the default strategy)
  git config pull.rebase true   # rebase
  git config pull.ff only       # fast-forward only

You can replace "git config" with "git config --global" to set a default
preference for all repositories. You can also pass --rebase, --no-rebase,
or --ff-only on the command line to override the configured default per
invocation.

Already up to date.
make: Nothing to be done for 'all'.
Program Begin:
Reading in Parameters from Configuration File!
csvPSO
------ Reading in X_0! ------
"../data/X/ctr_processed.csv"
Reading in 525 rows or cells from X data directory
---------------------------
--------- Parameters ---------
Total Number of Runs:1
Number of Moments:14
Hyper Cube Width:80
Using Times: 0 30
Blind PSO --> nParts:1000 Nsteps:1000
Targeted PSO --> nParts:10 Nsteps:10
Number of Rates:6
------------------------------
------ Reading in Yt! ------
"../data/Y/t30s_processed.csv"
Read in 607 rows!
---------------------------
Computing Weight Matrices!
 0.00413847           0           0           0           0           0           0           0           0           0           0           0           0           0
          0  0.00293765           0           0           0           0           0           0           0           0           0           0           0           0
          0           0   0.0706785           0           0           0           0           0           0           0           0           0           0           0
          0           0           0  0.00223556           0           0           0           0           0           0           0           0           0           0
          0           0           0           0 7.86992e-07           0           0           0           0           0           0           0           0           0
          0           0           0           0           0 4.10812e-07           0           0           0           0           0           0           0           0
          0           0           0           0           0           0 0.000102181           0           0           0           0           0           0           0
          0           0           0           0           0           0           0 1.34205e-07           0           0           0           0           0           0
          0           0           0           0           0           0           0           0  2.0295e-06           0           0           0           0           0
          0           0           0           0           0           0           0           0           0 0.000121351           0           0           0           0
          0           0           0           0           0           0           0           0           0           0 2.20403e-06           0           0           0
          0           0           0           0           0           0           0           0           0           0           0 0.000154762           0           0
          0           0           0           0           0           0           0           0           0           0           0           0 2.02244e-06           0
          0           0           0           0           0           0           0           0           0           0           0           0           0 0.000144756
PSO Seeded At:0.930229 0.389367 0.244202 0.353812 0.475957 0.767303| cost:2.63407
PSO Estimation Has Begun, This may take some time...
Simulated Xt Moments for time 30: 15.2471  16.5896 0.674901  9.61188  232.474  275.214 0.455492  92.3882  252.943  10.2903  146.553  11.1963  159.457  6.48707
Final Evolved Matrix
 15.2471  16.5896 0.674901  9.61187
 15.2471  16.5896 0.674901  9.61188
 15.2471  16.5896 0.674901  9.61187
 15.2471  16.5896 0.674901  9.61187
 15.2471  16.5896 0.674901  9.61187
 15.2471  16.5896 0.674901  9.61188
 15.2471  16.5896 0.674901  9.61187
 15.2471  16.5896 0.674901  9.61187
 15.2471  16.5896 0.674901  9.61187
 15.2471  16.5896 0.674901  9.61187
 15.2471  16.5896 0.674901  9.61188
 15.2471  16.5896 0.674901  9.61187
 15.2471  16.5896 0.674901  9.61188
 15.2471  16.5896 0.674901  9.61189
 15.2471  16.5896 0.674901  9.61188
 15.2471  16.5896 0.674901  9.61187
 15.2471  16.5896 0.674901  9.61188
 15.2471  16.5896 0.674901  9.61188
 15.2471  16.5896 0.674901  9.61188
 15.2471  16.5896 0.674901  9.61187
 15.2471  16.5896 0.674901  9.61187
 15.2471  16.5896 0.674901  9.61188
 15.2471  16.5896 0.674901  9.61188
 15.2471  16.5896 0.674901  9.61187
 15.2471  16.5896 0.674901  9.61187
 15.2471  16.5896 0.674901  9.61187
 15.2471  16.5896 0.674901  9.61188
 15.2471  16.5896 0.674901  9.61188
 15.2471  16.5896 0.674901  9.61187
 15.2471  16.5896 0.674901  9.61188
 15.2471  16.5896 0.674901  9.61188
 15.2471  16.5896 0.674901  9.61187
 15.2471  16.5896 0.674901  9.61187
 15.2471  16.5896 0.674901  9.61188
 15.2471  16.5896 0.674901  9.61187
 15.2471  16.5896 0.674901  9.61188
 15.2471  16.5896 0.674901  9.61187
 15.2471  16.5896 0.674901  9.61187
 15.2471  16.5896 0.674901  9.61187
 15.2471  16.5896 0.674901  9.61187
 15.2471  16.5896 0.674901  9.61187
 15.2471  16.5896 0.674901  9.61189
 15.2471  16.5896 0.674901  9.61187
 15.2471  16.5896 0.674901  9.61188
 15.2471  16.5896 0.674901  9.61187
 15.2471  16.5896 0.674901  9.61187
 15.2471  16.5896 0.674901  9.61188
 15.2471  16.5896 0.674901  9.61187
 15.2471  16.5896 0.674901  9.61188
 15.2471  16.5896 0.674901  9.61187
 15.2471  16.5896 0.674901  9.61188
 15.2471  16.5896 0.674901  9.61187
 15.2471  16.5896 0.674901  9.61188
 15.2471  16.5896 0.674901  9.61188
 15.2471  16.5896 0.674901  9.61188
 15.2471  16.5896 0.674901  9.61188
 15.2471  16.5896 0.674901  9.61188
 15.2471  16.5896 0.674901  9.61187
 15.2471  16.5896 0.674901  9.61187
 15.2471  16.5896 0.674901  9.61188
 15.2471  16.5896 0.674901  9.61188
 15.2471  16.5896 0.674901  9.61188
 15.2471  16.5896 0.674901  9.61188
 15.2471  16.5896 0.674901  9.61187
 15.2471  16.5896 0.674901  9.61187
 15.2471  16.5896 0.674901  9.61188
 15.2471  16.5896 0.674901  9.61186
 15.2471  16.5896 0.674901  9.61188
 15.2471  16.5896 0.674901  9.61188
 15.2471  16.5896 0.674901  9.61189
 15.2471  16.5896 0.674901  9.61187
 15.2471  16.5896 0.674901  9.61187
 15.2471  16.5896 0.674901  9.61187
 15.2471  16.5896 0.674901  9.61188
 15.2471  16.5896 0.674901  9.61188
 15.2471  16.5896 0.674901  9.61187
 15.2471  16.5896 0.674901  9.61187
 15.2471  16.5896 0.674901  9.61188
 15.2471  16.5896 0.674901  9.61187
 15.2471  16.5896 0.674901  9.61188
 15.2471  16.5896 0.674901  9.61187
 15.2471  16.5896 0.674901  9.61188
 15.2471  16.5896 0.674901  9.61187
 15.2471  16.5896 0.674901  9.61187
 15.2471  16.5896 0.674901  9.61189
 15.2471  16.5896 0.674901  9.61188
 15.2471  16.5896 0.674901  9.61187
 15.2471  16.5896 0.674901  9.61187
 15.2471  16.5896 0.674901  9.61187
 15.2471  16.5896 0.674901  9.61187
 15.2471  16.5896 0.674901  9.61187
 15.2471  16.5896 0.674901  9.61188
 15.2471  16.5896 0.674901  9.61187
 15.2471  16.5896 0.674901  9.61188
 15.2471  16.5896 0.674901  9.61187
 15.2471  16.5896 0.674901  9.61188
 15.2471  16.5896 0.674901  9.61188
 15.2471  16.5896 0.674901  9.61189
 15.2471  16.5896 0.674901  9.61187
 15.2471  16.5896 0.674901  9.61188
 15.2471  16.5896 0.674901  9.61187
 15.2471  16.5896 0.674901  9.61188
 15.2471  16.5896 0.674901  9.61188
 15.2471  16.5896 0.674901  9.61188
 15.2471  16.5896 0.674901  9.61188
 15.2471  16.5896 0.674901  9.61187
 15.2471  16.5896 0.674901  9.61188
 15.2471  16.5896 0.674901  9.61188
 15.2471  16.5896 0.674901  9.61188
 15.2471  16.5896 0.674901  9.61188
 15.2471  16.5896 0.674901  9.61187
 15.2471  16.5896 0.674901  9.61189
 15.2471  16.5896 0.674901  9.61187
 15.2471  16.5896 0.674901  9.61187
 15.2471  16.5896 0.674901  9.61188
 15.2471  16.5896 0.674901  9.61188
 15.2471  16.5896 0.674901  9.61188
 15.2471  16.5896 0.674901  9.61187
 15.2471  16.5896 0.674901  9.61187
 15.2471  16.5896 0.674901  9.61188
 15.2471  16.5896 0.674901  9.61187
 15.2471  16.5896 0.674901  9.61187
 15.2471  16.5896 0.674901  9.61187
 15.2471  16.5896 0.674901  9.61188
 15.2471  16.5896 0.674901  9.61187
 15.2471  16.5896 0.674901  9.61188
 15.2471  16.5896 0.674901  9.61188
 15.2471  16.5896 0.674901  9.61187
 15.2471  16.5896 0.674901  9.61188
 15.2471  16.5896 0.674901  9.61188
 15.2471  16.5896 0.674901  9.61189
 15.2471  16.5896 0.674901  9.61188
 15.2471  16.5896 0.674901  9.61188
 15.2471  16.5896 0.674901  9.61186
 15.2471  16.5896 0.674901  9.61188
 15.2471  16.5896 0.674901  9.61187
 15.2471  16.5896 0.674901  9.61187
 15.2471  16.5896 0.674901  9.61188
 15.2471  16.5896 0.674901  9.61189
 15.2471  16.5896 0.674901  9.61188
 15.2471  16.5896 0.674901  9.61187
 15.2471  16.5896 0.674901  9.61187
 15.2471  16.5896 0.674901  9.61187
 15.2471  16.5896 0.674901  9.61187
 15.2471  16.5896 0.674901  9.61188
 15.2471  16.5896 0.674901  9.61188
 15.2471  16.5896 0.674901  9.61187
 15.2471  16.5896 0.674901  9.61188
 15.2471  16.5896 0.674901  9.61188
 15.2471  16.5896 0.674901  9.61188
 15.2471  16.5896 0.674901  9.61188
 15.2471  16.5896 0.674901  9.61187
 15.2471  16.5896 0.674901  9.61187
 15.2471  16.5896 0.674901  9.61188
 15.2471  16.5896 0.674901  9.61187
 15.2471  16.5896 0.674901  9.61188
 15.2471  16.5896 0.674901  9.61188
 15.2471  16.5896 0.674901  9.61187
 15.2471  16.5896 0.674901  9.61187
 15.2471  16.5896 0.674901  9.61187
 15.2471  16.5896 0.674901  9.61186
 15.2471  16.5896 0.674901  9.61188
 15.2471  16.5896 0.674901  9.61188
 15.2471  16.5896 0.674901  9.61188
 15.2471  16.5896 0.674901  9.61188
 15.2471  16.5896 0.674901  9.61188
 15.2471  16.5896 0.674901  9.61188
 15.2471  16.5896 0.674901  9.61188
 15.2471  16.5896 0.674901  9.61189
 15.2471  16.5896 0.674901  9.61187
 15.2471  16.5896 0.674901  9.61187
 15.2471  16.5896 0.674901  9.61188
 15.2471  16.5896 0.674901  9.61187
 15.2471  16.5896 0.674901  9.61187
 15.2471  16.5896 0.674901  9.61186
 15.2471  16.5896 0.674901  9.61188
 15.2471  16.5896 0.674901  9.61187
 15.2471  16.5896 0.674901  9.61188
 15.2471  16.5896 0.674901  9.61188
 15.2471  16.5896 0.674901  9.61188
 15.2471  16.5896 0.674901  9.61188
 15.2471  16.5896 0.674901  9.61187
 15.2471  16.5896 0.674901  9.61187
 15.2471  16.5896 0.674901  9.61187
 15.2471  16.5896 0.674901  9.61187
 15.2471  16.5896 0.674901  9.61188
 15.2471  16.5896 0.674901  9.61188
 15.2471  16.5896 0.674901  9.61187
 15.2471  16.5896 0.674901  9.61188
 15.2471  16.5896 0.674901  9.61188
 15.2471  16.5896 0.674901  9.61187
 15.2471  16.5896 0.674901  9.61187
 15.2471  16.5896 0.674901  9.61187
 15.2471  16.5896 0.674901  9.61187
 15.2471  16.5896 0.674901  9.61189
 15.2471  16.5896 0.674901  9.61188
 15.2471  16.5896 0.674901  9.61188
 15.2471  16.5896 0.674901  9.61187
 15.2471  16.5896 0.674901  9.61187
 15.2471  16.5896 0.674901  9.61187
 15.2471  16.5896 0.674901  9.61189
 15.2471  16.5896 0.674901  9.61188
 15.2471  16.5896 0.674901  9.61187
 15.2471  16.5896 0.674901  9.61188
 15.2471  16.5896 0.674901  9.61188
 15.2471  16.5896 0.674901  9.61187
 15.2471  16.5896 0.674901  9.61188
 15.2471  16.5896 0.674901  9.61187
 15.2471  16.5896 0.674901  9.61188
 15.2471  16.5896 0.674901  9.61188
 15.2471  16.5896 0.674901  9.61188
 15.2471  16.5896 0.674901  9.61187
 15.2471  16.5896 0.674901  9.61188
 15.2471  16.5896 0.674901  9.61187
 15.2471  16.5896 0.674901  9.61189
 15.2471  16.5896 0.674901  9.61188
 15.2471  16.5896 0.674901  9.61187
 15.2471  16.5896 0.674901  9.61188
 15.2471  16.5896 0.674901  9.61186
 15.2471  16.5896 0.674901  9.61188
 15.2471  16.5896 0.674901  9.61187
 15.2471  16.5896 0.674901  9.61188
 15.2471  16.5896 0.674901  9.61187
 15.2471  16.5896 0.674901  9.61187
 15.2471  16.5896 0.674901  9.61188
 15.2471  16.5896 0.674901  9.61187
 15.2471  16.5896 0.674901  9.61187
 15.2471  16.5896 0.674901  9.61188
 15.2471  16.5896 0.674901  9.61188
 15.2471  16.5896 0.674901  9.61187
 15.2471  16.5896 0.674901  9.61188
 15.2471  16.5896 0.674901  9.61188
 15.2471  16.5896 0.674901  9.61188
 15.2471  16.5896 0.674901  9.61188
 15.2471  16.5896 0.674901  9.61188
 15.2471  16.5896 0.674901  9.61186
 15.2471  16.5896 0.674901  9.61189
 15.2471  16.5896 0.674901  9.61187
 15.2471  16.5896 0.674901  9.61187
 15.2471  16.5896 0.674901  9.61188
 15.2471  16.5896 0.674901  9.61188
 15.2471  16.5896 0.674901  9.61187
 15.2471  16.5896 0.674901  9.61188
 15.2471  16.5896 0.674901  9.61187
 15.2471  16.5896 0.674901  9.61187
 15.2471  16.5896 0.674901  9.61186
 15.2471  16.5896 0.674901  9.61188
 15.2471  16.5896 0.674901  9.61188
 15.2471  16.5896 0.674901  9.61187
 15.2471  16.5896 0.674901  9.61188
 15.2471  16.5896 0.674901  9.61189
 15.2471  16.5896 0.674901  9.61187
 15.2471  16.5896 0.674901  9.61187
 15.2471  16.5896 0.674901  9.61188
 15.2471  16.5896 0.674901  9.61187
 15.2471  16.5896 0.674901  9.61188
 15.2471  16.5896 0.674901  9.61187
 15.2471  16.5896 0.674901  9.61188
 15.2471  16.5896 0.674901  9.61189
 15.2471  16.5896 0.674901  9.61188
 15.2471  16.5896 0.674901  9.61186
 15.2471  16.5896 0.674901  9.61187
 15.2471  16.5896 0.674901  9.61187
 15.2471  16.5896 0.674901  9.61188
 15.2471  16.5896 0.674901  9.61188
 15.2471  16.5896 0.674901  9.61188
 15.2471  16.5896 0.674901  9.61187
 15.2471  16.5896 0.674901  9.61188
 15.2471  16.5896 0.674901  9.61188
 15.2471  16.5896 0.674901  9.61187
 15.2471  16.5896 0.674901  9.61187
 15.2471  16.5896 0.674901  9.61188
 15.2471  16.5896 0.674901  9.61188
 15.2471  16.5896 0.674901  9.61187
 15.2471  16.5896 0.674901  9.61187
 15.2471  16.5896 0.674901  9.61187
 15.2471  16.5896 0.674901  9.61186
 15.2471  16.5896 0.674901  9.61188
 15.2471  16.5896 0.674901  9.61188
 15.2471  16.5896 0.674901  9.61188
 15.2471  16.5896 0.674901  9.61188
 15.2471  16.5896 0.674901  9.61188
 15.2471  16.5896 0.674901  9.61187
 15.2471  16.5896 0.674901  9.61188
 15.2471  16.5896 0.674901  9.61189
 15.2471  16.5896 0.674901  9.61187
 15.2471  16.5896 0.674901  9.61187
 15.2471  16.5896 0.674901  9.61188
 15.2471  16.5896 0.674901  9.61187
 15.2471  16.5896 0.674901  9.61187
 15.2471  16.5896 0.674901  9.61187
 15.2471  16.5896 0.674901  9.61188
 15.2471  16.5896 0.674901  9.61187
 15.2471  16.5896 0.674901  9.61188
 15.2471  16.5896 0.674901  9.61188
 15.2471  16.5896 0.674901  9.61189
 15.2471  16.5896 0.674901  9.61188
 15.2471  16.5896 0.674901  9.61188
 15.2471  16.5896 0.674901  9.61187
 15.2471  16.5896 0.674901  9.61188
 15.2471  16.5896 0.674901  9.61188
 15.2471  16.5896 0.674901  9.61188
 15.2471  16.5896 0.674901  9.61187
 15.2471  16.5896 0.674901  9.61189
 15.2471  16.5896 0.674901  9.61188
 15.2471  16.5896 0.674901  9.61187
 15.2471  16.5896 0.674901  9.61187
 15.2471  16.5896 0.674901  9.61188
 15.2471  16.5896 0.674901  9.61188
 15.2471  16.5896 0.674901  9.61187
 15.2471  16.5896 0.674901  9.61188
 15.2471  16.5896 0.674901  9.61187
 15.2471  16.5896 0.674901  9.61187
 15.2471  16.5896 0.674901  9.61187
 15.2471  16.5896 0.674901  9.61188
 15.2471  16.5896 0.674901  9.61188
 15.2471  16.5896 0.674901  9.61187
 15.2471  16.5896 0.674901  9.61187
 15.2471  16.5896 0.674901  9.61187
 15.2471  16.5896 0.674901  9.61187
 15.2471  16.5896 0.674901  9.61187
 15.2471  16.5896 0.674901  9.61187
 15.2471  16.5896 0.674901  9.61187
 15.2471  16.5896 0.674901  9.61187
 15.2471  16.5896 0.674901  9.61187
 15.2471  16.5896 0.674901  9.61187
 15.2471  16.5896 0.674901  9.61187
 15.2471  16.5896 0.674901  9.61187
 15.2471  16.5896 0.674901  9.61187
 15.2471  16.5896 0.674901  9.61188
 15.2471  16.5896 0.674901  9.61187
 15.2471  16.5896 0.674901  9.61187
 15.2471  16.5896 0.674901  9.61187
 15.2471  16.5896 0.674901  9.61187
 15.2471  16.5896 0.674901  9.61187
 15.2471  16.5896 0.674901  9.61188
 15.2471  16.5896 0.674901  9.61187
 15.2471  16.5896 0.674901  9.61188
 15.2471  16.5896 0.674901  9.61188
 15.2471  16.5896 0.674901  9.61189
 15.2471  16.5896 0.674901  9.61188
 15.2471  16.5896 0.674901  9.61187
 15.2471  16.5896 0.674901  9.61188
 15.2471  16.5896 0.674901  9.61188
 15.2471  16.5896 0.674901  9.61187
 15.2471  16.5896 0.674901  9.61187
 15.2471  16.5896 0.674901  9.61188
 15.2471  16.5896 0.674901  9.61189
 15.2471  16.5896 0.674901  9.61189
 15.2471  16.5896 0.674901  9.61187
 15.2471  16.5896 0.674901  9.61188
 15.2471  16.5896 0.674901  9.61188
 15.2471  16.5896 0.674901  9.61189
 15.2471  16.5896 0.674901  9.61189
 15.2471  16.5896 0.674901  9.61187
 15.2471  16.5896 0.674901  9.61188
 15.2471  16.5896 0.674901  9.61187
 15.2471  16.5896 0.674901  9.61188
 15.2471  16.5896 0.674901  9.61187
 15.2471  16.5896 0.674901  9.61188
 15.2471  16.5896 0.674901  9.61188
 15.2471  16.5896 0.674901  9.61188
 15.2471  16.5896 0.674901  9.61187
 15.2471  16.5896 0.674901  9.61188
 15.2471  16.5896 0.674901  9.61187
 15.2471  16.5896 0.674901  9.61187
 15.2471  16.5896 0.674901  9.61187
 15.2471  16.5896 0.674901  9.61188
 15.2471  16.5896 0.674901  9.61188
 15.2471  16.5896 0.674901  9.61188
 15.2471  16.5896 0.674901  9.61187
 15.2471  16.5896 0.674901  9.61188
 15.2471  16.5896 0.674901  9.61188
 15.2471  16.5896 0.674901  9.61188
 15.2471  16.5896 0.674901  9.61188
 15.2471  16.5896 0.674901  9.61188
 15.2471  16.5896 0.674901  9.61189
 15.2471  16.5896 0.674901  9.61187
 15.2471  16.5896 0.674901  9.61188
 15.2471  16.5896 0.674901  9.61188
 15.2471  16.5896 0.674901  9.61188
 15.2471  16.5896 0.674901  9.61188
 15.2471  16.5896 0.674901  9.61188
 15.2471  16.5896 0.674901  9.61187
 15.2471  16.5896 0.674901  9.61187
 15.2471  16.5896 0.674901  9.61188
 15.2471  16.5896 0.674901  9.61187
 15.2471  16.5896 0.674901  9.61187
 15.2471  16.5896 0.674901  9.61188
 15.2471  16.5896 0.674901  9.61188
 15.2471  16.5896 0.674901  9.61188
 15.2471  16.5896 0.674901  9.61187
 15.2471  16.5896 0.674901  9.61187
 15.2471  16.5896 0.674901  9.61187
 15.2471  16.5896 0.674901  9.61187
 15.2471  16.5896 0.674901  9.61188
 15.2471  16.5896 0.674901  9.61189
 15.2471  16.5896 0.674901  9.61187
 15.2471  16.5896 0.674901  9.61188
 15.2471  16.5896 0.674901  9.61187
 15.2471  16.5896 0.674901  9.61188
 15.2471  16.5896 0.674901  9.61187
 15.2471  16.5896 0.674901  9.61188
 15.2471  16.5896 0.674901  9.61187
 15.2471  16.5896 0.674901  9.61188
 15.2471  16.5896 0.674901  9.61188
 15.2471  16.5896 0.674901  9.61188
 15.2471  16.5896 0.674901  9.61188
 15.2471  16.5896 0.674901  9.61188
 15.2471  16.5896 0.674901  9.61188
 15.2471  16.5896 0.674901  9.61188
 15.2471  16.5896 0.674901  9.61188
 15.2471  16.5896 0.674901  9.61187
 15.2471  16.5896 0.674901  9.61187
 15.2471  16.5896 0.674901  9.61189
 15.2471  16.5896 0.674901  9.61187
 15.2471  16.5896 0.674901  9.61188
 15.2471  16.5896 0.674901  9.61187
 15.2471  16.5896 0.674901  9.61187
 15.2471  16.5896 0.674901  9.61188
 15.2471  16.5896 0.674901  9.61188
 15.2471  16.5896 0.674901  9.61188
 15.2471  16.5896 0.674901  9.61187
 15.2471  16.5896 0.674901  9.61188
 15.2471  16.5896 0.674901  9.61188
 15.2471  16.5896 0.674901  9.61188
 15.2471  16.5896 0.674901  9.61188
 15.2471  16.5896 0.674901  9.61187
 15.2471  16.5896 0.674901  9.61187
 15.2471  16.5896 0.674901  9.61188
 15.2471  16.5896 0.674901  9.61188
 15.2471  16.5896 0.674901  9.61188
 15.2471  16.5896 0.674901  9.61188
 15.2471  16.5896 0.674901  9.61187
 15.2471  16.5896 0.674901  9.61187
 15.2471  16.5896 0.674901  9.61189
 15.2471  16.5896 0.674901  9.61188
 15.2471  16.5896 0.674901  9.61187
 15.2471  16.5896 0.674901  9.61187
 15.2471  16.5896 0.674901  9.61189
 15.2471  16.5896 0.674901  9.61188
 15.2471  16.5896 0.674901  9.61187
 15.2471  16.5896 0.674901  9.61188
 15.2471  16.5896 0.674901  9.61188
 15.2471  16.5896 0.674901  9.61188
 15.2471  16.5896 0.674901  9.61187
 15.2471  16.5896 0.674901  9.61187
 15.2471  16.5896 0.674901  9.61187
 15.2471  16.5896 0.674901  9.61187
 15.2471  16.5896 0.674901  9.61187
 15.2471  16.5896 0.674901  9.61187
 15.2471  16.5896 0.674901  9.61187
 15.2471  16.5896 0.674901  9.61187
 15.2471  16.5896 0.674901  9.61187
 15.2471  16.5896 0.674901  9.61187
 15.2471  16.5896 0.674901  9.61186
 15.2471  16.5896 0.674901  9.61186
 15.2471  16.5896 0.674901  9.61188
 15.2471  16.5896 0.674901  9.61187
 15.2471  16.5896 0.674901  9.61187
 15.2471  16.5896 0.674901  9.61188
 15.2471  16.5896 0.674901  9.61188
 15.2471  16.5896 0.674901  9.61188
 15.2471  16.5896 0.674901  9.61188
 15.2471  16.5896 0.674901  9.61187
 15.2471  16.5896 0.674901  9.61187
 15.2471  16.5896 0.674901  9.61186
 15.2471  16.5896 0.674901  9.61188
 15.2471  16.5896 0.674901  9.61186
 15.2471  16.5896 0.674901  9.61188
 15.2471  16.5896 0.674901  9.61188
 15.2471  16.5896 0.674901  9.61188
 15.2471  16.5896 0.674901  9.61187
 15.2471  16.5896 0.674901  9.61188
 15.2471  16.5896 0.674901  9.61187
 15.2471  16.5896 0.674901  9.61188
 15.2471  16.5896 0.674901  9.61188
 15.2471  16.5896 0.674901  9.61188
 15.2471  16.5896 0.674901  9.61187
 15.2471  16.5896 0.674901  9.61188
 15.2471  16.5896 0.674901  9.61187
 15.2471  16.5896 0.674901  9.61187
 15.2471  16.5896 0.674901  9.61187
 15.2471  16.5896 0.674901  9.61187
 15.2471  16.5896 0.674901  9.61188
 15.2471  16.5896 0.674901  9.61187
 15.2471  16.5896 0.674901  9.61187
 15.2471  16.5896 0.674901  9.61187
 15.2471  16.5896 0.674901  9.61188
 15.2471  16.5896 0.674901  9.61187
 15.2471  16.5896 0.674901  9.61189
 15.2471  16.5896 0.674901  9.61187
 15.2471  16.5896 0.674901  9.61188
 15.2471  16.5896 0.674901  9.61188
 15.2471  16.5896 0.674901  9.61187
 15.2471  16.5896 0.674901  9.61187
 15.2471  16.5896 0.674901  9.61188
 15.2471  16.5896 0.674901  9.61188
 15.2471  16.5896 0.674901  9.61187
 15.2471  16.5896 0.674901  9.61188
 15.2471  16.5896 0.674901  9.61188
 15.2471  16.5896 0.674901  9.61187
 15.2471  16.5896 0.674901  9.61188
 15.2471  16.5896 0.674901  9.61187
 15.2471  16.5896 0.674901  9.61187
 15.2471  16.5896 0.674901  9.61188
 15.2471  16.5896 0.674901  9.61187
 15.2471  16.5896 0.674901  9.61188
 15.2471  16.5896 0.674901  9.61188
 15.2471  16.5896 0.674901  9.61188
 15.2471  16.5896 0.674901  9.61187
 15.2471  16.5896 0.674901  9.61187
 15.2471  16.5896 0.674901  9.61188
 15.2471  16.5896 0.674901  9.61187
 15.2471  16.5896 0.674901  9.61188
 15.2471  16.5896 0.674901  9.61188
 15.2471  16.5896 0.674901  9.61187
 15.2471  16.5896 0.674901  9.61187
 15.2471  16.5896 0.674901  9.61187
 15.2471  16.5896 0.674901  9.61187
 15.2471  16.5896 0.674901  9.61187
 15.2471  16.5896 0.674901  9.61188
 15.2471  16.5896 0.674901  9.61187
 15.2471  16.5896 0.674901  9.61187
 15.2471  16.5896 0.674901  9.61188

All Run Estimates:
 59.5956  5.69248 0.212842  74.5111  5.23182  3.90866  24.3946
CODE FINISHED RUNNING IN 817 s TIME!
Job Statistics for 2565819:
           JobID       User               Start                 End    Elapsed     MaxRSS   TotalCPU      State Exit        NodeList                                  ReqTRES 
---------------- ---------- ------------------- ------------------- ---------- ---------- ---------- ---------- ---- --------------- ---------------------------------------- 
         2565819   rsjxw007 2022-02-22T17:34:38 2022-02-22T17:48:18   00:13:40              06:20:05  COMPLETED  0:0   r1pl-hpcf-n22     billing=30,cpu=30,mem=234360M,node=1 
   2565819.batch            2022-02-22T17:34:38 2022-02-22T17:48:18   00:13:40      2.07M   06:20:05  COMPLETED  0:0   r1pl-hpcf-n22                                          
  2565819.extern            2022-02-22T17:34:38 2022-02-22T17:48:18   00:13:40          0  00:00.001  COMPLETED  0:0   r1pl-hpcf-n22                                          
CPU Efficiency: 92.70% of 06:50:00 core-walltime
