warning: Pulling without specifying how to reconcile divergent branches is
discouraged. You can squelch this message by running one of the following
commands sometime before your next pull:

  git config pull.rebase false  # merge (the default strategy)
  git config pull.rebase true   # rebase
  git config pull.ff only       # fast-forward only

You can replace "git config" with "git config --global" to set a default
preference for all repositories. You can also pass --rebase, --no-rebase,
or --ff-only on the command line to override the configured default per
invocation.

Already up to date.
g++ -c -O3 -fopenmp -std=c++17 main.cpp 
g++ main.o fileIO.o linear.o nonlinear.o calc.o system.o -o sig -fopenmp -std=c++17 -lstdc++fs
Program Begin:
Reading in Parameters from Configuration File!
csvPSO
------ Reading in X_0! ------
"../data/X/t2m_processed.csv"
Reading in 1431 rows or cells from X data directory
---------------------------
X0:
 18.66   5.02  12.57   0.65
  6.39   7.75  -0.89   6.52
  9.28  26.38    3.2   8.28
   7.2   1.72  -0.72   2.59
 15.75   11.3  22.27  26.31
 34.89   1.94   0.86  10.83
  3.27   2.53  17.38  13.88
  8.37   7.46  -0.06  19.95
  7.67  13.83  -0.57   9.12
 14.37   7.97  41.59  42.46
  0.06   5.51   3.67    3.6
  7.53   9.68   1.16  24.76
 12.44   7.74    3.1  30.84
   1.5  13.17  -0.41   2.03
  7.24  25.84   4.88   32.4
 -0.76   9.49  -0.84  30.06
  1.77   8.13   5.62   4.27
  3.92  17.04  -0.82  -0.76
  2.24  16.91  10.23  22.68
   5.6  13.35  -0.68  17.84
 35.74   2.96   1.11   3.98
 14.28  12.31   2.48  18.59
  3.83   7.26    1.5   6.26
  1.75   5.76  -0.12  -0.52
 15.38  19.82  -0.75  15.58
 12.22   1.94   3.51  -0.66
  5.86   1.16  17.87  14.46
  2.54   2.72   4.11   6.61
 18.16    8.6  18.12  12.87
 17.84   3.94   4.15   7.38
 10.44   8.41  -0.25  35.46
  1.48   0.45  -0.13  14.53
 -0.75   1.06   3.72   4.11
  2.71   7.09  -0.67   0.32
  5.39   8.76  11.41   2.85
 31.65  21.31   0.41   9.52
 23.94   5.65  -0.39   2.48
 14.94   -0.1   9.54  12.44
  4.28   7.61   16.5  26.09
  5.15   8.57   3.13  -0.45
  1.82   9.04   3.18    9.7
  0.59  10.75  -0.75   9.63
 -0.76   5.21   0.19   4.35
  1.11   4.73   -0.4   1.46
 12.86  17.23  27.15  56.66
 32.23  19.83   7.41  33.66
  0.29   0.35   2.61  -0.03
  1.93  13.41    3.1  38.91
  9.05  13.59   0.65  25.36
  2.29  16.83   11.4  -0.74
   2.6   1.09  -0.83   1.66
 -0.45  14.41   2.26    6.7
 11.87   5.25   3.56   7.26
  7.23   9.66   1.49  15.37
  0.22  -0.37  -0.88   4.41
   0.5   0.63  -0.33  -0.29
  7.21  -0.18   1.73   1.16
   7.6   4.91  31.62   3.31
  30.8   0.61   4.14   4.32
 -0.94   3.83  -0.61  -0.78
  0.47  22.97   4.59  11.61
  4.52   2.05   1.05 109.96
 -0.62   1.08   0.63   6.87
 33.12  14.27   3.23  21.85
 -0.43   4.55  -0.64   2.07
  -0.7  -0.01  -0.77   1.07
  1.73    5.9   2.88  29.59
 18.82   4.57   3.23  15.01
   4.6   2.06  -0.76    0.3
  7.81   0.48   1.58    5.6
  7.03   4.97  -0.87  10.72
 12.31   3.82   2.14   21.8
  1.45  11.92   2.25   8.06
 22.99      5   1.16  48.89
 26.78   9.97  12.27   8.42
  0.44   1.13   1.85   4.67
  6.52   7.22   1.24   15.1
  4.69   7.06  -0.15   7.43
  3.71  -0.91  -0.75   4.43
  9.07   3.46  19.07   5.99
  9.88  30.71  10.07  22.39
 18.71  17.88  -0.49   7.88
 -0.02  -0.19  -0.76   5.39
  5.47  -0.93   1.42   1.35
  2.04   1.47  28.92   8.77
 10.22  -0.28   4.49   2.56
 13.37   4.64  11.09   13.8
 -0.31  -0.49   2.29   2.53
  2.61  11.22  16.79   25.6
  4.58  10.17  14.91   3.59
  1.22   2.11   4.75  -0.44
 17.47  23.55   1.56   8.45
  1.37   -0.2   -0.8  -0.48
  8.51    1.1   4.53  19.31
  5.07   2.87  -0.26  -0.72
  6.35  -0.36  -0.13  53.61
 23.96   9.44  -0.77  34.69
 20.93   5.67   9.37   8.34
  0.94   4.38   2.48   4.73
 14.88   3.73   1.54  12.87
 -0.33   -0.9   2.77  25.61
  1.91   4.55  -0.36  58.82
  1.82   2.47  -0.94  23.01
 -0.85  17.65   4.13  11.61
  16.2  21.47   2.05   7.93
  2.63   1.17   4.48   0.13
 35.99   6.22   3.62  31.84
 -0.87  -0.78   -0.8  -0.56
  6.96  16.54  21.59  -0.64
  1.29  21.26  34.67 248.25
 -0.19  32.51  -0.63   9.38
 -0.53  -0.12  -0.55   2.56
 10.32   2.17  -0.59  43.27
  3.32  13.97  12.32  21.83
 18.57  17.19  -0.91   8.51
  1.85   1.48    2.5   3.07
  3.09  15.53  -0.64   2.84
  1.84  -0.91  -0.73  -0.46
  0.88   6.42   0.49      3
 14.12  -0.53   2.07  -0.49
 11.21   5.46    3.6  17.85
 -0.21  -0.35   3.16    0.8
  3.72  11.69   1.77   10.4
 -0.43   7.77  10.48   5.42
  7.82   0.05  -0.63   0.48
 22.61  11.62   1.16   5.97
 22.42  22.19   5.28  10.33
  7.56  11.14   4.99   5.48
 37.99  61.22   5.64  16.69
  8.08   0.41  -0.54   -0.6
  4.99   -0.2   3.67   0.44
  6.05  -0.53   0.13  13.39
  6.34   5.51  -0.47   4.41
 26.27    4.7   2.26   56.6
  8.54  28.74  40.91  27.21
  0.63   3.66   2.16  43.43
 15.52   1.58   7.34   4.93
 11.21  12.49  -0.55   4.47
 -0.29  -0.49  -0.77   5.34
  7.08  15.54  14.89   7.28
  6.78   3.13   4.97  12.76
 17.41  17.12   0.19  44.86
 14.51   5.77   0.39   3.82
  3.21   4.45  -0.03    4.1
  2.53  -0.87   1.78   1.53
 -0.57   7.37  -0.69  -0.05
 18.92   6.17  -0.09      1
  3.09   5.15  23.85   8.52
  9.74   7.59  -0.72   1.99
 13.72   6.05   1.29   2.82
 14.87  12.96   5.86   5.92
  4.45  27.02  -0.85  22.55
    19  19.55  29.11 107.36
  3.53   9.06  -0.69  25.43
  1.11    4.6   -0.3  30.12
  7.43  17.79   8.23 221.79
 40.14  21.63   0.48  55.25
  4.01  12.19   2.73  18.47
  8.37  10.64   1.81 206.99
  5.97   7.93  -0.38  62.11
 -0.86  13.02  -0.88   4.78
  7.15   1.74   4.45  91.02
 12.84  10.24   6.31  -0.26
  7.98  23.83  -0.51  -0.44
  8.26   0.54  18.41   1.31
 -0.44  73.98   1.53  29.52
  7.47      2   2.29   20.3
 16.19  13.03  11.41  21.79
  1.18  -0.91  -0.01  41.36
 17.28   5.95  -0.14   5.98
  3.96  11.05  30.48   1.63
  2.37  13.28   0.56  25.15
  7.62   3.61  -0.61   5.54
 30.29   4.32  25.29  11.11
 13.84   6.76  -0.54  -0.14
  3.78   1.61  10.91   7.65
  5.93  13.53  25.07   6.17
  0.31  -0.41  14.05   6.04
 16.71  17.76   0.96  12.05
 14.64   11.1  -0.74   3.76
 -0.64   4.98   1.34  -0.68
  4.27   9.75  -0.61   3.89
  6.66   3.93   -0.3  -0.52
  0.19    3.3    3.9  22.22
  6.85  14.14   1.45  25.26
 -0.26  -0.83  -0.84  -0.67
 13.26   2.44  -0.63   1.15
  3.62   14.1   0.08   3.12
  3.91   3.66   17.2   7.48
 11.01   4.85  40.34  32.18
 -0.91   4.13  -0.24  15.45
 28.04   9.89   1.95   3.38
 11.55   3.81  10.67  11.37
  1.02   1.56   9.37   2.77
 14.94  24.68   5.79   2.74
 21.24  18.86  19.68  19.71
  2.64    3.3   1.19  29.18
  0.11   -0.8  -0.21  10.58
 35.69   6.06    5.9   21.4
  8.97  15.06   2.01  -0.15
  0.83  -0.73  -0.18  -0.38
  1.29   6.56   2.44  43.06
  0.46  20.11  18.22  23.64
 25.59  45.28  21.52      7
  0.34   5.56  -0.89   5.26
  3.07  -0.41  -0.47   1.01
   1.5    0.4   0.29  15.12
 17.11  26.01   1.86  12.11
 -0.69   1.39  -0.29  11.71
 -0.78   7.96   3.94  12.05
 24.57   6.45   3.14  30.16
  9.06  11.79  -0.79    4.4
 -0.77  -0.13  -0.56   2.61
 -0.43  -0.43  -0.26   3.28
  6.05  18.32  -0.89  25.59
 18.74      1  -0.36   7.47
  4.44   3.84   0.11  27.69
 10.81  -0.91   9.41   9.43
  0.79   -0.9  -0.44  -0.76
  9.66   9.68   5.51   4.27
 17.81   6.35   6.33  13.35
  4.42  22.98  -0.16   0.86
 20.44  26.67    9.9   9.45
 17.53  12.99  -0.04   0.88
  5.73  -0.17   -0.3   -0.1
 10.04  15.91  -0.85  17.04
 12.06   9.94   1.14   5.42
 -0.44   4.98   0.34  -0.48
 14.15   8.32  -0.05  49.27
 17.72   5.23  -0.92   2.77
 12.97   2.65   0.62  14.21
  8.23  11.89  -0.17  56.21
  3.76   56.3   1.53  11.84
 -0.83   2.51   7.76   40.3
  21.4   4.97   0.05  24.88
 15.81   7.85  11.47  11.27
 18.38  14.36   3.63  25.91
  8.16   0.77  16.34    7.7
 32.54  10.17   4.62   45.4
 -0.78  -0.66  -0.46   2.81
  3.37    4.8   -0.3  27.13
  8.15  10.07   8.06   -0.9
  5.19   3.08   0.22  11.38
  6.31   6.38   2.97  12.38
 -0.26  -0.25  -0.04   1.18
 16.19  14.11   8.21   4.65
  7.65  -0.39   6.67  -0.78
 17.32  20.94   5.91  -0.52
  4.48  32.85  16.02  11.41
 -0.07   24.7  13.37 141.82
 14.57   3.84   1.12   4.19
 -0.26   7.17   7.23  16.31
 -0.91  31.74  -0.19   1.13
 49.47   0.04  -0.86  15.46
   2.7   5.89   2.07   5.62
 11.02  20.03  -0.14  68.01
 13.96  14.68  10.97  21.83
  7.02   5.68  -0.59   4.79
 13.47  17.18   -0.4   2.91
  5.07  12.63   3.73   0.98
  5.41  18.12  -0.26  13.79
  8.99   2.39   1.76  20.88
  1.89    4.4  -0.28  23.56
  -0.9   4.56  -0.83   5.89
 24.47   21.7  10.03  15.65
  9.42  19.03   1.07   6.55
 16.78  22.44  13.41  -0.78
  2.27  -0.55  12.89   5.79
  5.62  13.14   -0.2  11.54
  6.77   6.61  18.74    7.4
  6.08   3.87   6.09   12.4
 10.68  37.84  -0.56  48.81
 22.87  19.83  -0.15  12.39
 -0.08   8.01   1.15   1.54
  2.49   2.33  -0.53   5.08
  4.46  -0.29  -0.86   15.6
  6.29   4.02  -0.36   3.97
 39.33  26.04  -0.02   2.12
  4.72  -0.27  -0.31  28.82
  2.57    0.3  -0.29  -0.78
  8.63   5.09   0.77  92.18
 16.85   6.18  -0.67  35.05
  -0.3  -0.29  -0.82  -0.82
  0.04   1.23   0.97   8.35
 12.81   2.95  -0.04   6.78
  6.93   7.73   1.93  44.57
  5.58  -0.18  -0.03   0.28
  6.79   1.64  -0.23     -0
  23.8   1.91   7.05   0.67
  1.32   3.66  -0.55  -0.07
  3.88   1.35   3.99   -0.7
  0.91  -0.64   3.91   1.24
 10.58  19.03  -0.75    4.6
 19.87  13.85  26.95   3.73
  6.99  10.53      7   11.1
   8.8   4.14   5.14  21.81
 10.09   13.7   0.51   5.68
 -0.54  10.53  11.27    5.3
  3.94  16.87    6.6   2.14
  28.2  17.29  14.32    5.7
  2.46   -0.9  -0.78   0.26
  18.5  24.75   4.32  17.13
 15.42   3.63   8.51   1.91
 30.58  36.52  23.43  84.86
  0.33  -0.32  14.38  -0.86
  2.16   4.28   2.79  14.14
  0.22  10.23  -0.71  -0.38
  0.68  15.58   6.01  16.06
 -0.15  -0.93  -0.65  -0.34
  4.96   7.11  -0.22  13.71
 -0.72   1.29  -0.48  27.78
   1.1   0.36  -0.05   1.94
 16.66   5.13   3.27   3.36
  6.62   -0.9  -0.27   7.58
 40.43   2.71  30.52  21.32
  5.39   5.19   7.24  -0.26
 -0.47   2.61   -0.7  -0.85
 29.34   4.61   0.57  16.04
 -0.59   3.36  -0.16  -0.29
  1.56  -0.88   0.62   1.06
 10.55  14.62   -0.1   0.25
 18.44  12.95  -0.29   1.52
 -0.29   6.81   3.45  -0.47
  6.42   8.21  -0.32   1.51
 17.23  12.78  11.88   3.23
  2.04  11.75  -0.11  68.23
  3.99   6.78   5.77   1.33
 -0.55   4.59    2.9    9.1
 20.64   8.62  -0.51   1.98
   6.9   5.45  -0.06   3.34
  6.06    2.2  -0.44  18.27
  2.24  16.91   1.32  10.32
 -0.77  -0.12   0.06   3.68
 14.11   6.76  11.28   6.01
  1.19   1.14  -0.76   1.55
 19.34  16.76  -0.71   5.73
  1.25  -0.55  -0.16   7.49
 -0.21   2.67  -0.56   11.7
 11.33  13.42  -0.49  22.34
  3.48    8.4  -0.89  -0.05
  1.49  10.18   -0.2  14.02
 11.08    3.6  -0.49    4.4
 -0.26   1.56   -0.5   2.57
  1.58   -0.7  13.18   1.37
 15.46  11.11  -0.07  13.57
  2.49   2.35  -0.05  17.55
  3.52   4.68  -0.61  22.82
  3.18   1.59  -0.07   7.66
 -0.94   -0.3   9.19   3.95
  6.59  -0.76   0.35   4.68
 -0.95  -0.84  -0.17   1.45
 28.61  14.27    7.6   9.78
  5.26  10.13   4.23   9.09
  4.01   0.89   2.68  12.22
 19.79  -0.48    8.7  -0.78
 -0.65  -0.71  -0.89   1.89
 16.67  -0.15  -0.66   1.55
  4.72   17.1  -0.58  15.94
  5.65  16.12  -0.03   0.28
 11.68   43.2   3.13   64.3
  6.97   0.97      0   3.31
 -0.21  -0.43   4.77  -0.44
 14.69  10.83  -0.44  21.96
 11.76   2.35  -0.12  34.96
 14.24  26.25   9.03  36.87
  38.2  21.59  14.98 129.06
  0.13   7.02   2.69   5.64
  9.78   1.75  -0.33   3.12
  6.49   3.47   8.68  23.57
 17.22   7.89   3.12  -0.85
  3.84      7   2.06    6.7
  0.64   2.91  -0.13   12.9
  8.53  13.07  -0.22   1.47
  -0.3  -0.01   0.07   3.44
  3.01    9.7  -0.55  11.91
  9.81  -0.88   6.11  -0.79
  7.64   5.55   2.26   4.03
  10.5   4.21   0.91   5.72
 27.45  11.79   3.03  22.98
 -0.84   9.04  -0.91  -0.17
  4.58  15.74   9.06  -0.26
 11.46   4.79   -0.9   2.74
   5.8   3.23  -0.03  -0.53
  3.58   -0.8   2.27  20.75
  -0.9   0.84  -0.45   1.22
 -0.91    3.7  -0.88  23.54
 28.14  27.62  -0.75  18.17
  2.91   5.14   3.71   9.54
 -0.57  16.84  16.87  45.11
  1.79   0.89   1.07 107.83
  2.15   5.08  -0.28  -0.09
 10.21   5.34  -0.27  13.25
 17.41   1.49   5.53   6.16
     5  35.38  11.86    6.5
  3.99  10.01   15.2   3.33
  3.62   0.07  -0.05   20.9
  8.18   1.15   4.88  24.78
 16.44   3.43   5.87  52.68
  7.73  21.64   5.49   4.62
  0.96  17.37   3.82  10.46
  1.23  -0.89   -0.8   1.45
 34.02   6.72   0.69   3.34
  1.25  -0.36   2.18   4.99
 44.43    6.2   0.27   4.14
  8.49   5.32  -0.13   2.34
 14.51   6.64    5.3   4.21
  2.64    0.2   4.91  32.43
 34.21  11.46  -0.01  18.36
 11.81  18.68  12.87   6.53
  0.91  -0.08   0.35  33.27
 -0.61   4.72   0.95   3.19
  4.93   4.85  11.34     18
  6.46   5.07    4.9   1.12
  7.97  -0.61   1.12  12.98
  4.53  11.96  -0.13   6.03
 -0.88  39.48  -0.02   19.2
  1.47   3.16  -0.48  -0.35
  0.71   3.57  -0.06   -0.4
 25.43   2.49   1.27  -0.86
 41.27   4.94   1.51   0.87
  15.4   8.07   4.69  50.11
 -0.24  -0.76   1.47   18.8
 16.08   0.15  -0.25  15.25
 -0.48   0.58   1.16   7.17
  -0.5   0.24   -0.3    5.3
  13.7  30.24   0.71   14.7
   6.1   1.67  -0.28  42.79
  1.89   0.67  -0.35  13.94
  7.02  15.67   6.89   0.83
  9.25   2.02  -0.05   2.23
  8.36  10.45  -0.68    1.3
  9.86   7.03  -0.52  -0.18
  8.27  26.18   5.71   5.26
  0.89  -0.64  -0.13   3.88
  2.73  25.77  -0.01   1.43
   9.1   2.28  -0.07  -0.73
 -0.13  -0.73  -0.45   3.12
 17.63   5.71  -0.16  63.45
  4.31   3.09   1.62   9.26
 34.33   7.08  -0.26  21.86
 36.88    7.5   0.56   2.56
  5.48  16.48  -0.38  34.16
  18.8  13.51  -0.81  14.51
   1.1   2.51   4.48  21.57
 12.38      9  19.28   6.63
  2.98   8.65  -0.43   4.29
  5.87   5.21   0.44   3.86
  1.15   5.87  -0.67   0.97
  9.76  11.71  23.94  77.02
  0.25   0.42   7.05  12.89
 11.57   1.18  -0.93   1.72
  2.79  13.06   10.8   5.31
 -0.36  17.61  -0.76 110.84
  2.02   0.46   1.78  25.27
  3.33   8.65  -0.01   23.7
 40.46   6.53   4.01  10.25
 -0.48   3.61  -0.04   -0.4
 -0.12   1.87    1.7  10.67
 28.86   1.22   5.16   0.86
  3.21   0.53  -0.32   2.77
  7.99  -0.89    9.2  -0.29
  4.57  24.47  16.67   5.85
 10.12  -0.42  -0.57   2.77
 12.12  19.74   2.77  13.03
 46.51  10.51   1.78   6.17
  3.48    5.9     21  10.44
  5.99  20.02   2.98  11.98
  8.33   5.62   9.69  -0.06
  2.73   3.08   4.54   0.06
 69.23  44.56   9.65 125.54
 13.42   11.4  11.43   5.83
 10.36  16.51   0.33  76.71
   1.7  11.15   1.73   3.17
 26.81  -0.67  -0.02   10.3
  6.33  14.14  -0.65  27.09
 12.28   7.24  -0.48   2.56
  4.69   3.94  -0.81  14.69
  5.32   3.39  -0.74   1.83
  9.54    5.3  11.32  10.51
 16.11   9.37   1.24  30.98
 -0.64   8.96  -0.72   8.26
  2.22  10.12  42.44   3.52
  11.4  18.17   7.59  28.68
 12.41  45.38    4.8  12.28
  2.73   5.33   7.52   0.95
 -0.88  10.31  13.59 152.73
  0.84   3.69  -0.35   0.81
 -0.64  30.08   3.75  -0.55
  3.79  11.29   3.35   9.31
  31.3   2.94  20.67   4.61
 10.47   1.84  -0.33  -0.11
  3.74   1.14   1.84  -0.74
  6.62   6.28  10.71   5.71
 -0.45  21.83  -0.43   2.68
  16.9  18.71  -0.92  19.51
 16.98  16.44   2.45   3.39
 12.64   4.07    0.4   9.64
 65.37   3.11   1.74  -0.59
  1.17  -0.67  -0.45  13.63
  3.95  -0.58   0.52   6.27
  7.68  14.44    2.7   3.04
 10.38  35.29  -0.15   8.59
  0.33   8.79  13.13    0.6
  3.34  13.08  13.33  10.07
 38.11   9.38   8.45  12.77
 -0.03   1.35   4.29   2.02
  3.39   2.74   1.68  48.57
  3.91  -0.76  -0.04  -0.83
  22.6   2.76   8.52   6.83
  2.92   1.47  -0.35  16.81
 17.66  15.79  -0.16  18.06
  4.98  11.02   1.25   40.3
  9.52    5.9   3.24  82.95
 11.09  25.95  10.47   7.55
 -0.07  10.46   -0.2  -0.48
  2.46   -0.5  -0.56  -0.42
 10.33  35.25   6.63  16.86
   6.4   4.73  -0.09  15.02
 -0.34  13.99   7.37   2.66
 35.32  20.08   1.68   3.44
 10.33   7.42   6.58   2.25
 23.19  11.25  -0.04  29.69
 17.31   0.93   8.31    2.2
 14.48  25.53   -0.1   4.47
 13.01  20.87  -0.91   7.73
  1.32   1.03   -0.4   1.29
 11.61   9.13   -0.6  12.97
  7.83  -0.89   1.36   7.76
  6.38   8.74  -0.19  -0.72
  0.93  12.52  28.59  95.85
  6.56   5.34   9.26   6.81
 -0.61  -0.27  -0.67   6.76
 16.53   14.7  12.84   8.51
 15.85   1.67   6.45   9.09
 15.99   2.26   4.27   18.5
  4.53  13.21  -0.79   7.15
  0.53    3.5   0.89  11.32
 21.58  25.73  -0.43   1.07
 -0.89   3.62   5.33  11.91
  0.82   0.19   3.98  15.92
 17.31  22.77   1.71   0.49
 -0.82   5.09   3.15   0.68
 16.56   3.15  -0.57   6.08
 52.24   2.62   6.44   10.7
 24.92  -0.61   1.14   6.39
  6.76   5.17   3.53  46.41
 -0.56  21.12  -0.25   0.36
  4.85  10.83   8.48  31.05
 33.09  19.96      8  23.93
   4.2   1.08  -0.67   2.06
   6.3   5.69  -0.38   1.95
 24.81  24.22   0.66  22.04
  1.94   2.47  -0.71   7.57
  5.75   13.2   1.72    1.1
   7.6   1.42  -0.31  13.59
  7.46  28.49  13.51   7.82
  5.01   3.08  16.91   37.9
 38.15   5.61  35.64  41.01
  6.34  11.35   2.75   7.51
  2.42  20.94   3.61 130.56
  7.87   2.61  -0.58  19.64
  5.16  10.55  -0.03   3.45
    12   1.44   1.35  20.67
  0.74  10.88   1.18    2.7
  7.77  23.31   0.64  30.36
  2.14   5.64   2.04   9.13
 14.98   0.88    6.1   5.57
 27.29  30.79   5.27   3.72
 10.35  28.28  23.54   51.2
 12.23   9.14   0.94  31.41
 11.58  12.55  -0.39   4.55
 14.13   8.21   3.54  43.91
  12.8  11.42  -0.62  26.92
 11.93  -0.54   3.44   5.91
  5.22   0.17    1.9  20.13
 19.59   5.31  -0.25  40.27
 14.67   14.8   1.42  14.48
  0.66  24.17  -0.61   8.73
 16.41  11.98   7.39  12.95
 -0.68   6.02   4.51   69.1
  2.22  20.06   1.95  23.63
  3.44   10.5  -0.54  13.86
  9.58   0.08   1.74   5.01
 12.53   7.93   0.06   2.63
  8.64   3.74   3.51   17.6
 -0.73  -0.82  -0.62   0.35
  11.6   0.99   6.12  16.43
  2.03   2.22  19.97    1.3
  1.65  17.47   0.22   8.41
 17.63   4.91  17.03  35.69
  7.81  14.85   -0.3  10.39
 -0.79   0.27  -0.62  -0.55
  7.46  15.07  -0.42  23.81
  8.85  12.88  -0.79  10.54
  0.69  10.53   4.66  30.51
  29.8  10.26  13.73   2.66
 15.23   10.8  41.96  44.92
 13.57   4.34   3.63    8.5
  -0.6   8.66   7.99  23.83
  4.66  -0.01   -0.9   27.6
   7.7    3.8   1.44   0.25
  3.03   23.3  -0.78   8.35
  4.32  12.18  26.43   1.98
  7.83   7.41  -0.36  11.19
  3.86  -0.56  -0.42  18.89
 -0.28   6.53  -0.18  -0.52
  3.58   4.08  17.56 121.64
  -0.1  -0.93   4.53  -0.72
  -0.2  12.06  -0.51      6
  3.76  24.14   3.86  -0.05
  7.59  13.74   1.31  13.17
  8.54  12.74  -0.88    7.1
 -0.88   0.88   6.09   1.15
 17.52     21  18.04   2.93
  6.54  13.74  -0.29  16.62
 13.65  11.16   9.44  14.76
 12.41   5.46  -0.26   9.52
  5.59  -0.37   9.12    120
  4.57   4.68  14.71   2.71
 12.75  17.52   8.34  86.35
 12.25  14.67   4.75   23.9
  5.97   10.1    2.7  -0.82
 26.78   7.31   6.72  30.22
 17.54  -0.93   -0.6  36.84
  3.64   3.52  10.58   4.07
  6.15   2.38  24.42  44.89
 15.27  -0.46   1.51  -0.71
 29.52  10.11   0.62  11.16
 14.01  13.46   1.69   36.8
 -0.43   5.71  -0.66  -0.09
  6.69  10.98   3.24  70.01
  1.34   4.21   4.47   -0.1
  3.91  26.65  14.68   7.65
 11.03  21.03   3.44   3.18
  6.74  12.85  -0.32   4.37
 29.46  27.21   1.06  27.15
  3.58   0.33  -0.37  -0.85
 13.89  14.63  -0.62  10.55
 13.36  43.13  13.73  16.64
 25.27  10.93   -0.8    1.6
 11.18   26.6  19.33   5.52
  13.4  11.17  -0.45   5.27
  19.9   5.72   -0.8  18.47
 21.63   6.12  -0.06   6.34
  8.17  22.72   0.65  12.57
  5.04   1.38  -0.26   3.54
 21.76   0.44   3.77   8.27
  3.55    5.8  -0.31  18.14
 14.21   3.71   6.26   4.93
  3.67   4.08  -0.62  -0.69
  3.32   5.72   0.96  11.45
   2.6   8.06  -0.91   3.49
  9.53  38.42  -0.72   22.8
  1.45  54.81   3.59  43.67
  6.84  12.62  -0.24   1.33
  -0.9  -0.51   0.53   6.79
  4.43  12.99   5.67   6.47
  8.42  13.96  -0.68    4.3
  8.32   5.34   1.12   3.36
 33.01   5.46  -0.61  34.11
  2.21  -0.51  -0.73  35.73
 -0.17  -0.48  -0.55   7.41
 14.39   6.54  -0.75   2.63
 19.16  13.07   0.63    3.6
 -0.15    2.5   7.22   3.52
  0.05   2.28   2.66   1.26
 20.31  31.18   3.17  46.88
 18.91  37.54   1.58  10.02
 20.65   7.81   4.11  14.94
 42.31  14.97   4.66    3.8
  2.07   2.74   1.57   6.24
  -0.5  15.39  -0.39  16.63
 33.49  13.12  -0.67  12.72
  1.12   4.07     10  23.47
  4.82   4.34  17.85  -0.44
  1.21  22.08  -0.18   1.32
 -0.31   3.94  -0.03   1.43
 24.73   1.27  25.58  12.16
 20.74   7.17   10.5  21.88
  3.01   2.12  -0.93   4.77
 19.88   2.45   -0.4  -0.77
  8.91   3.66  14.05  19.59
 22.98   4.11    0.3    3.6
 32.51   8.02   3.38  16.54
  3.24   5.63  -0.05  64.73
  2.97   7.64   7.37    7.1
  6.87  -0.25    0.5   0.26
 -0.03   8.22     22   6.87
  6.86  -0.42   0.78  19.45
   1.2   19.2  22.21  12.94
  8.69  11.14  -0.82  26.01
 -0.15   4.41  -0.21   0.19
 -0.85  18.64   -0.7  -0.88
  0.73   5.18   13.9   6.03
  2.18  26.23  20.68  20.42
  4.61  34.48   2.04    7.4
 24.69  34.91  -0.44   0.16
 16.51  21.86    1.4   9.31
    -0   2.56   9.62  29.41
 18.74  10.28  11.29  16.14
  10.3   6.03  -0.45  26.13
  3.65   7.89   5.52   32.6
 14.38  33.95   5.41  18.83
  1.92  -0.02  -0.52  10.57
  2.92  -0.73  -0.16   0.06
 -0.47   2.61   1.75  -0.27
  0.35   1.63  -0.58   -0.9
  -0.7  -0.15   -0.2   4.77
 -0.79   2.58  -0.78   5.54
 23.91  -0.71    0.2  -0.26
 25.09  18.02  -0.16  38.21
 16.91  -0.73   0.81   1.81
  5.82  -0.57  16.45  -0.79
  4.02  31.08   3.73  17.15
  3.65  15.12   5.11  21.94
 14.02  16.72   1.14  10.44
  9.76   7.37  12.86   6.82
  2.57  16.94  13.13   5.49
 -0.05  -0.53  17.48   6.77
 12.21   5.03  -0.35  18.51
 10.59  20.31   32.5  16.49
  0.15  -0.27  -0.57  -0.79
 -0.89   8.88  -0.49   4.58
 17.67   1.17  10.62  28.25
 -0.43   4.65   1.14  27.83
  4.68   0.11   -0.1  15.76
  1.23   6.87  -0.12   4.67
  5.48  16.78   2.57  11.67
  4.27   15.3  -0.71  36.21
 30.04   6.01  15.68  64.15
  1.48  30.26  18.57   1.78
 -0.21  46.79   4.24     12
 24.01  26.84     -0  33.52
  0.14  -0.26  -0.77  13.69
     7  -0.22   0.67  13.34
   2.3   3.43   0.89  43.81
 18.79  11.43   4.78  17.71
 16.62  31.31  -0.34  16.98
 15.81   9.43  -0.77  -0.18
  4.65    7.5  -0.37   7.03
 10.99     17   3.79   5.25
  13.1   8.43   3.07   2.91
  2.67  11.13  16.26  26.34
  17.4   2.05   13.2   30.9
  9.74  29.05  27.66   16.1
 11.63  23.76  -0.11   17.5
 34.72   2.84  23.59  10.66
  6.62    1.5  21.73 219.76
 23.41  12.48  12.34  12.91
  0.67    1.8   0.73   3.61
  1.28  -0.26   0.22    3.1
 38.96   4.43  -0.52  28.12
  7.13   39.3   4.71   6.52
  6.93   7.88   1.37  18.32
 10.98  11.45   3.87   9.27
 30.41   0.24  -0.18  49.79
 12.18   1.02  -0.63      0
   8.2   3.18  31.06  90.58
  6.07   5.97   1.21   2.44
 15.55  28.92   3.64   0.52
 28.59   0.61  -0.89   5.42
 16.46   2.76   -0.6    6.5
     3   4.74  -0.07      7
 -0.39  -0.18   -0.5  -0.21
  1.27   7.42   6.15   8.32
 23.96   9.13  -0.91   4.36
 35.35  14.89  -0.58  26.44
  5.93   2.78   5.57   1.69
 13.67   3.25    7.8  15.29
  2.09  -0.01  -0.37  -0.35
 15.64   9.64  47.04  16.27
  1.68   7.28   0.44  -0.07
  5.23   10.5   9.38   3.66
  1.17   6.33    7.9  48.52
  0.51  12.31  -0.58   4.82
  7.02  -0.89  -0.55  -0.44
 33.07   5.31    7.7     11
 -0.78   5.27  28.23   33.7
 -0.69  -0.59   -0.6  10.35
  7.67  15.12   2.42   8.12
  5.81   3.63   7.49   4.91
 -0.34  -0.46     -0  -0.13
 -0.67   8.25   4.95   8.13
  2.92  16.81  18.19  39.66
 13.12   4.73  11.16  10.22
  0.31   -0.5  -0.36  12.57
  9.33   4.33   2.53  19.12
  7.18  13.95  24.36 229.93
  1.75    7.2    0.9  -0.41
 11.89   4.17  10.74  11.67
   3.1   4.34  -0.01   6.79
  1.05   0.36   9.61  23.82
  4.09   6.75   0.53  11.18
 -0.62   1.74   0.81   12.9
  3.55  -0.86  10.96  30.62
 11.16   3.66  -0.13   19.6
 13.53    5.7   6.38   3.74
 -0.05  -0.32  -0.11  -0.86
  3.35  -0.18  -0.41  -0.38
  4.41   4.46  -0.66   9.34
     7   0.38  -0.86   4.05
 18.14   9.67    6.7   3.76
 21.82  36.99   7.78  26.77
  2.25  16.01   3.74  12.66
 -0.59   4.02   2.02   30.2
  2.27   1.75   0.54   5.41
 15.61  16.42   3.65   1.26
 14.05   3.85   6.86  30.79
  1.97   8.97   0.78   6.02
  2.11   7.73   0.67  12.24
  5.93   5.84  13.41  -0.65
 21.75  16.77   0.36   48.6
  3.33   1.08   0.05   2.08
   6.6  14.47  17.27   3.43
 -0.66  10.47   1.38   3.78
 11.15   9.21   0.96  46.93
 35.75   8.84   5.15  16.85
  7.41  -0.22  -0.41   3.93
  8.64  37.84   1.71    8.7
  5.44   5.57  -0.29   9.18
 -0.77   0.98  -0.59  -0.75
 10.26  25.02   3.32  19.63
 30.16   1.38   2.47   6.24
 17.62  32.65   0.95    1.1
  7.35   4.45   0.18   7.79
 18.44   23.7   2.98   7.08
 15.43   1.35  -0.49  15.88
 15.02   9.05   5.83 219.47
 11.56  11.97  -0.61  -0.51
 31.89  21.05  33.12  39.23
  7.01   16.5  -0.17   1.67
 13.01  12.37   0.66   1.47
    -0   6.87      0   1.09
  1.21  10.74  15.45  10.92
  9.34   9.96   5.01   3.94
  3.78  12.71  -0.78   1.92
  4.37   5.48  -0.78   72.5
  2.17   2.79   3.25   4.75
  0.19   4.26   0.97  -0.32
  2.09  -0.29   1.18   0.49
   6.7   5.47   9.18   4.31
  12.8  -0.09   2.75  -0.39
 21.89  10.43   4.82   4.43
 -0.41   -0.7  -0.48   5.57
  7.62   3.63   2.55  10.09
  3.22     10    1.6  -0.41
  6.01  10.52  -0.83  18.19
  3.16  24.91  -0.36  -0.86
 -0.32  -0.08  -0.84   0.65
 16.53  15.86   1.44   4.45
  2.19  35.35   -0.6   1.05
  9.59   9.81   2.44   4.25
 11.72   8.12  -0.43   3.66
 19.66  21.49   4.62  18.38
  9.88   7.44  -0.43  26.73
  3.96   1.37   2.35   11.6
  4.96   1.18  16.57  97.13
  0.14   6.39   9.66   26.1
  7.41  14.35   1.28  -0.77
  1.08  16.36    2.6  17.41
  8.19  22.73   -0.1  62.72
  0.63  10.91   1.88   7.02
 -0.74   1.12   1.68  14.85
  2.81  23.43   7.24  14.59
  24.4  18.22   2.57  19.65
 11.33  -0.23   7.27  18.13
 21.21   4.58    1.8  26.08
  8.19  25.83  -0.44   9.91
  5.07     14   4.66  15.97
 23.11  10.71  -0.91   1.49
  2.53   5.97   4.09   17.1
  3.08  15.22  13.79  16.83
  6.31  -0.18  -0.85   2.38
 14.38   4.96  -0.07 106.18
 21.06  15.19   6.09   75.3
 19.23   3.81   -0.8  18.64
 10.76   7.74   4.34   8.49
  3.81  13.31  -0.82  32.27
 48.82  18.16  28.08   7.38
 20.04  10.32    3.1   5.02
 15.13  12.66   6.07   3.33
  1.16   6.05  -0.67   6.01
  4.72   8.94   3.28  -0.72
    11  -0.35   0.04  13.72
  5.56   1.68   1.38  12.33
 19.83  -0.88   8.17   8.93
  3.27   2.11  -0.47  -0.71
  4.65  -0.78   0.35  -0.18
 18.76  44.33   3.34  25.85
  4.98   5.56   0.46   -0.8
  2.97   0.28   4.07   2.55
 10.56   6.81    2.5  22.06
 17.32   5.43  -0.09  14.15
 14.12   2.72   7.59   85.4
 13.75  17.68  -0.76  33.04
 38.81     14  -0.43  61.71
  2.45    5.3   1.83   48.5
 17.52  19.92  -0.01  -0.59
 -0.89   5.98  -0.25   4.39
  10.4  21.18  -0.34   2.17
  3.14    9.3  12.02   8.48
  4.34  14.93  -0.51  31.09
  4.41   8.41   0.67   -0.4
   3.4   4.46   5.31   1.27
 13.32   7.54   10.5   8.81
 29.72   9.91   0.38  -0.74
  4.11  16.04  -0.82   6.63
  1.55   1.57  -0.86  46.37
 -0.25  11.32  -0.87    1.7
  2.94    2.2  -0.69  -0.74
 25.15  18.22   -0.1   9.83
 -0.82  -0.92  -0.05   6.54
  0.23  -0.04   1.68  17.22
  8.38    6.7  18.45  13.09
 24.13   1.01    0.6  27.93
 14.17  20.75  -0.06  13.05
 27.32  11.52  -0.52  16.68
 19.05   8.68   9.15  43.66
  1.33   2.06  44.09  16.07
  5.22   9.61   1.03  11.77
  2.86   6.24  18.16 130.22
 -0.88   7.97   0.32   0.93
  2.41  11.38  -0.14  -0.13
   2.2   10.1   4.19   4.37
   5.2   5.15  10.41  33.17
 -0.34  -0.91  -0.66  15.27
  2.99   22.5    5.5   2.45
  9.42   8.95  -0.49   5.58
 13.03  52.83  -0.65  19.69
  4.57  28.15  -0.41   22.3
  3.33   0.57   8.05   0.01
 13.65   4.73  -0.79    2.9
 12.24  19.53   6.12  10.01
 39.01  21.48    3.1  13.88
 28.47  25.24   1.71   8.96
 20.35  25.81  18.94  27.84
  9.32   5.58   3.14  12.38
  4.91  24.97  -0.32  10.99
   8.5   8.74   -0.7   20.5
  4.77   1.22   -0.5   4.61
 10.34   3.24  -0.39   1.92
 27.13   15.2  -0.37  19.94
 11.74   7.17   1.15 114.73
 10.03  10.25     -0  22.93
   5.7     13  -0.45   8.93
 18.92  19.01  13.73   3.72
 19.09  11.91  -0.69   0.12
 11.03   3.31  19.87   7.57
 -0.66   3.44  -0.44   1.36
 -0.38  -0.14  -0.16    3.8
 -0.19    0.5   5.57  11.59
 24.72    6.5   1.36   8.31
 -0.57   3.41  -0.28   6.42
 -0.59  -0.02    0.2   4.22
  2.42   5.34  -0.39   4.76
  2.46   8.35   0.73   8.26
  9.68   12.6   -0.3   9.46
 10.48  -0.06   0.41   7.08
 23.06   1.95  -0.92   6.06
 -0.68  23.03  -0.27  -0.62
 12.95  12.83   0.97   3.41
  1.05  -0.43  -0.32  11.57
 -0.89  -0.78   3.99  -0.44
 26.96  20.54   4.25   8.92
  4.87  20.08   1.02  25.55
 12.35   2.44  14.28   2.91
  8.89   5.64   8.87  20.27
 20.21  12.85  -0.91  19.29
  3.45   3.06   2.33  -0.31
  2.36   0.62  -0.56      1
 13.51  41.55  -0.64  10.58
 24.89   6.18   0.09  24.34
  3.78    3.3  18.78  10.77
  1.26   1.79  -0.04   3.52
 -0.75  -0.54  -0.73  -0.33
  7.52   4.39   3.77   8.06
  6.58   1.79   1.69  28.23
  4.72  -0.06   -0.3   0.29
  4.97  11.83   3.32   84.5
  1.39   0.96   3.71   0.34
   6.2   6.77  -0.44   3.36
  1.59   3.93   8.71   5.15
 16.59  29.32   6.18  39.01
  0.83  -0.72   1.59  -0.57
  3.46   2.95   8.28   3.99
 -0.51   0.92  -0.66    1.1
  1.93   7.91  -0.12   6.84
  1.69   4.07  -0.11   5.31
  9.55  24.33  -0.55  70.06
 16.13  -0.72   7.29  21.85
 10.67  23.97   0.22  58.45
  1.74   4.02   3.16   3.87
   3.5  -0.37  12.98  14.45
  9.81  12.36  -0.42  27.37
  8.29   5.35   4.31   2.53
 21.04   2.95   2.87   6.09
 12.27   1.91  -0.92   12.6
 10.05     11  13.53 327.35
 23.96   3.64  -0.86  14.05
  3.58   4.45  -0.49  10.38
 47.19  20.99  -0.51  43.39
  3.61  -0.19   0.09   1.44
 11.52  16.04  16.99  23.54
 18.02  31.89  18.85  11.74
 18.25  15.07   1.68  14.43
 20.79   9.92   1.43  89.52
  3.45   6.33   4.84   -0.8
 11.51   2.52  11.86   0.73
  0.25   2.92   3.49   0.62
 29.76    3.3   2.46  38.06
 -0.21   1.56   1.18   3.83
  9.05  37.12  19.03   7.82
  6.31  15.19   1.16  -0.61
  7.01  20.21  -0.22   7.68
  0.01   0.09   1.88  -0.66
  2.56  10.34   1.57   4.71
 18.58   20.6   10.6  10.34
  -0.5   -0.5  -0.39  -0.75
  6.58  -0.58   1.81    2.8
  8.37  12.81   1.67  21.05
  6.79  -0.73  -0.22   1.09
  9.54  30.31  18.94    8.2
  7.51   0.57   2.35  -0.08
  1.35   6.92   0.16  18.27
  6.04  -0.53   8.89  -0.84
 13.66  20.07   1.29   7.92
  10.5   9.11  -0.23  -0.77
  1.88   0.98  -0.24    0.4
  0.84   0.45  -0.78    6.2
  2.48   0.23  11.87   1.18
 -0.32   1.34   9.22   4.84
  1.75    5.9  13.81  37.59
 -0.94  -0.75  -0.29  17.95
   4.5   2.67  -0.43   0.13
  7.59    3.2   1.01   2.02
 -0.36   8.48   1.68   9.65
  4.92   6.51   4.65   21.7
 32.55   1.72   0.75  43.91
  1.98   4.68  -0.75   4.47
 31.13   6.94  -0.92   3.56
 11.31  13.28   10.3   43.3
  1.64   4.58  15.91   1.96
  1.48   5.99  -0.92   0.29
  4.68   7.07  -0.44   -0.4
 11.87    6.7  -0.66   8.12
  1.59   0.88  -0.66   4.46
 12.54  23.91   -0.8   1.67
 17.23   6.41   2.11  12.95
  1.21  12.09   4.75   7.31
 23.37   9.08   0.07   6.32
  8.41  11.46   1.65  12.56
  5.03   4.14  -0.61  19.25
 21.86  24.17  -0.16  21.85
  6.58   8.23  -0.78   3.88
  3.43   3.35  -0.85   4.79
  3.26  15.32   7.04  31.45
  1.73  20.56  -0.35   9.29
 -0.23    3.5  -0.73   5.25
 12.98  39.27  11.83  84.84
  4.31  14.81   2.17 129.55
  6.62  13.37   6.07  55.01
  3.85   4.15   -0.2    1.4
  8.23   3.17  -0.03  17.02
  2.74   11.5   3.14  22.49
 12.32  -0.16  15.12   7.57
  4.58  16.22  19.79  16.78
 -0.33  -0.03   1.49   9.61
  1.05   0.69  -0.41  15.57
  0.77  18.83   3.26  -0.86
 10.95   10.6  11.41  27.87
 10.44  10.73   1.36  10.67
 19.38  35.28   6.81  10.67
  3.62   7.98  -0.18   9.22
  5.13  -0.64  19.34  -0.04
  1.03  -0.49  -0.34  -0.62
 23.16   4.73  -0.71  -0.34
 -0.87   -0.2  -0.64  -0.05
   0.7    0.3   1.91   8.72
 11.29  10.71   0.38  19.43
 11.76  14.74  -0.31  -0.62
 12.91  22.05   4.11  17.82
 18.32  11.37  -0.76  28.22
 19.52   3.62   3.12   1.74
  7.67   7.18   9.09  22.91
 -0.85  -0.08  -0.72  -0.88
  7.44  10.91  -0.79   1.49
  4.67   3.21   7.41  44.22
  6.71   1.21  -0.16    6.2
  9.12  20.99   4.67   1.32
 -0.09  -0.66   -0.8   2.75
  1.53   13.1   0.95   1.26
  2.22  23.97   3.15    9.5
  3.85   5.54   3.32  87.99
  5.51  -0.42   5.32  -0.93
  6.53   6.42   8.32   0.49
  6.62  -0.52   3.43   1.07
  4.27  16.25   0.59  10.07
 22.78  20.74   2.58   8.48
 13.44   2.24   2.99   1.02
 10.01   6.24   3.88  -0.83
  0.67   8.84  -0.85   8.86
 22.39   6.51   2.37  -0.76
  6.07   -0.6   -0.9   0.26
  1.07   6.48   2.77   2.66
  5.73  13.28  -0.14   6.78
  3.92   5.18  43.56  54.26
 26.65   7.09   18.4  47.49
  8.53   7.88   19.2  17.77
 -0.76   7.61   0.41   4.99
 11.62   5.19  -0.84  13.72
  1.17   2.93   0.36   4.62
  1.68   1.44  -0.32   15.6
 11.63   9.22  18.27   9.51
 11.94  39.87   1.68   4.64
  7.96   8.75  -0.71  16.47
 12.45  15.23  16.94   2.52
 -0.54  -0.37   0.54   6.83
 31.03   4.48   8.51   3.37
 12.13   17.2   1.37   4.88
 18.69   9.02   3.42  10.34
 13.95   4.63  -0.08  35.12
 -0.75   7.27   8.73   0.54
 17.87   1.02   3.82   1.45
 14.29   2.04   2.08   13.1
 16.62   5.84   3.51  11.53
 16.14   4.41  -0.57   12.4
  16.7  10.11  -0.32  18.27
 11.16  10.23   1.82  26.77
  13.1    3.8  16.37   15.7
 10.01  16.68  -0.46  10.64
 -0.75  12.11   -0.2   1.61
  4.52  11.23  -0.02   8.18
  3.61   -0.5  -0.43  -0.91
  2.24  -0.11   2.96  -0.38
  3.79   7.49  -0.86   5.98
  8.57   1.25   7.38  82.23
 10.75   3.88  12.17   7.38
  6.53    9.8  11.22  32.57
  5.24   1.12  -0.52   8.02
  4.48  17.45   0.86   6.06
  8.76  18.48  24.75   4.23
  4.48    4.6  -0.45  -0.77
  6.46  10.79  -0.67   7.88
   8.1   2.65   -0.9  15.98
 -0.91  -0.43  -0.21  16.43
 10.07   17.8  -0.92  60.51
 19.68    1.4  12.77  17.76
   4.6   0.29  -0.48   8.65
  5.01   9.03   3.42   0.72
 -0.86   4.03   4.89   4.28
  6.04   5.65   7.43   4.18
 20.17   42.4  -0.22  64.97
   2.4  18.82  -0.62  13.36
 10.78   6.62  16.67  48.98
  6.26   6.72  -0.61   -0.5
 19.13   6.12   2.39  64.33
  9.97  -0.71    9.6  14.02
  2.84   -0.5   7.05   5.43
 11.14   7.05   2.01  10.05
  3.35   16.5  -0.58   3.76
  5.14     27   3.33   3.28
 49.73  33.65    8.6   7.62
  6.13   4.52  -0.34  16.32
 -0.39   1.48   6.45  -0.36
 12.51  10.94  -0.64   0.22
  7.46    3.1   0.95  32.11
  8.05   9.29   7.36  -0.14
 21.76  -0.81   3.56   3.39
  0.79   8.06   9.74  12.23
  9.31   -0.6   1.38   1.16
  1.09   2.48  -0.24  65.26
 10.16  19.01   -0.8  21.59
  3.38  20.65   1.78    2.3
 -0.24  10.83  14.19     93
  7.85  -0.44   4.67   0.62
  9.76  26.49   0.33   2.27
  0.03  10.87  -0.49   1.75
 23.59   9.49   7.06  23.31
 14.66  10.75   7.51  12.75
  4.49  18.54   14.4   2.74
 -0.52  -0.86    1.3  20.16
  2.54  13.38   1.07   3.52
  7.25    0.4   5.21 254.34
  6.81   3.64   2.46   9.68
  7.38  -0.56   0.48   5.67
  22.8  32.89  -0.81  10.61
   2.6   5.81   2.12  13.64
 -0.22   1.67   2.08   7.54
 18.89    4.8   5.56   7.58
 33.23   91.9  -0.73  16.75
  4.12    4.6  32.23  31.34
  -0.1   6.99   0.28  12.64
  3.16   28.7   8.23  10.18
 -0.17  25.35   3.51   5.49
  0.81   4.82  -0.37   4.35
 -0.22   3.66   2.51   3.64
  7.78   0.93   3.16  18.44
 16.05  12.46   5.44   5.88
  4.36  18.07  -0.67  13.77
  1.38   0.23  -0.02    3.2
  9.86  10.73   2.44  35.68
 -0.91  10.28  -0.81   9.14
    19  15.29   3.57  19.45
  0.98  -0.71   1.66   4.33
  3.65  21.22   1.04   8.97
  -0.8    2.6  -0.65    1.1
  15.5   9.27  -0.18   6.66
 36.89   3.17   6.54   3.34
   6.9   4.51  -0.34    3.4
  4.47  -0.81   4.28  -0.22
  0.03   6.36   1.08  -0.74
 -0.82   2.38  -0.32   0.37
 10.85  12.05  -0.88   2.17
  1.05   10.9   2.54   7.42
  7.41   3.67  15.99   4.76
 16.57   4.46      5  12.86
  1.91   9.64  14.68  24.88
 13.33  22.98  45.29 132.64
 -0.31  13.47   5.75  10.07
 -0.85  -0.21   4.38   2.34
  1.02   -0.9  -0.83  -0.19
 -0.15   2.06  -0.22   -0.2
 20.39   9.93  11.48   14.2
  5.93  18.81  -0.77  -0.53
 32.91  68.66   2.77  58.22
  3.88  25.75   1.99   1.47
 10.76  -0.67  -0.06  -0.66
  7.03   1.05    4.9  13.18
 -0.13   8.61   2.99   -0.1
  2.11   3.28   1.89    0.4
 11.29  58.25  24.67  24.09
 26.21  26.45   2.52  39.39
  9.93  -0.75  -0.87   1.81
 -0.29   2.56   0.42    7.1
  3.54   7.51   2.39   7.59
   7.2  10.65  -0.53  28.23
 -0.53  -0.29  -0.21   1.02
  4.07   1.76  19.21  11.95
  -0.4   1.06   0.23   3.47
  9.53  11.52   0.78  18.75
 12.67  14.11  -0.53   5.46
  4.37   0.02   9.27   6.62
  0.69  11.72  -0.25    7.2
  0.52   18.2  -0.58  24.09
  3.64   7.39  25.76   7.48
  0.68   3.58  -0.28  -0.37
  3.09   7.49  15.17    5.1
 11.82  15.16   5.32  10.14
  1.37  14.43  10.91   4.14
   1.9  -0.57   7.56   12.1
 -0.62  -0.79  -0.55   1.53
 20.74   7.32  11.55  14.45
  1.42   7.02  -0.88   9.68
 -0.49    7.2  -0.46  17.22
  5.56   1.09  15.13  14.11
  1.27   25.2   6.35  28.78
  6.88   1.44  15.71  10.17
 -0.31  -0.85  -0.43   5.53
  2.36  12.58   1.66   4.47
 -0.72   1.54   9.85    3.9
 14.16  15.01   5.77   3.22
 -0.29   3.72   8.37   6.63
  1.53  -0.85  -0.38   2.31
 -0.58  -0.84  -0.08  -0.86
 11.94  21.11    4.1   6.88
  5.84  -0.76   2.74   14.7
  1.22   1.34  -0.13   1.74
 -0.57   1.12  -0.17  -0.18
  1.32  11.78  -0.82   8.92
 -0.12  -0.67  -0.51  -0.77
  6.97    6.2  -0.84    5.6
 -0.06   2.48  -0.74  -0.71
 -0.28   6.56  -0.35   1.42
 -0.31  -0.56   0.31  -0.61
  3.44  55.53  -0.05 106.19
  7.71  11.71  -0.77  15.48
     7   7.16   1.33  -0.59
  7.69     35  -0.56   1.44
 20.08  11.11   0.04   1.82
 17.88  21.55  -0.43  30.77
 15.31   7.37  -0.68  22.15
   2.4   8.36  -0.38   0.91
  9.54    5.3   -0.6   1.44
  1.72    7.7   1.71   4.83
 14.55   8.05  10.13  25.79
  1.12   2.93  -0.28   1.74
  2.24    1.7    9.1  10.61
  1.94   9.29   2.13    0.5
  1.76   0.74  -0.33   3.77
  2.15   3.82  41.33  25.24
  8.48   4.99  -0.64  18.22
  9.91  16.47   -0.8  21.26
  7.42  10.46  -0.19  13.71
 16.94  15.31  -0.82   4.37
  3.09   1.38  -0.22   8.61
  8.88   3.69  -0.46   5.74
  4.13   4.53   1.16  -0.46
  1.08   3.52  -0.35  25.88
 23.12   7.95   0.13  -0.72
  24.5  31.68  -0.15  15.44
 18.18  13.83  -0.35  -0.83
 -0.39   1.61  -0.59    2.1
 16.02   2.07  -0.09   4.63
   1.8   8.65   0.34  19.95
  14.8   8.47  -0.24  21.12
  6.88  11.84   3.47  10.82
 -0.31   -0.7  -0.58   7.32
  0.82   1.02   4.77  20.51
 10.12  25.79  13.12   1.14
  1.51  -0.33  -0.91   7.65
  8.78   11.2   7.51   5.72
 21.77   1.64  -0.53   8.01
  0.18   2.84   1.72   3.11
  5.56   7.88   -0.8   3.44
 18.49   8.51   8.17  23.48
  8.12   9.97   2.23  16.98
  9.44  21.14  -0.64    7.2
  6.16   8.31   3.81    4.5
  6.45   0.16  -0.76    1.1
  7.98  35.57  -0.26   6.29
  2.71  12.46  22.54   1.81
  1.83   19.6   5.77  -0.59
   3.4   3.02   3.83  34.58
  6.84   8.24  27.93   9.66
 19.07  14.24  -0.86  16.16
 -0.69   2.34  -0.65   2.98
 47.96  61.12  -0.47  29.73
  9.17   0.88   7.93  18.84
  3.33   7.05   2.97  17.52
  6.36   1.93  -0.46  -0.75
 11.22  18.91  -0.41  14.49
  13.5  23.77  -0.82  14.07
 15.81   27.3  10.92   2.07
 48.14  19.37  -0.87 188.04
  1.07  -0.02    5.5      1
 12.33  26.98   0.86  17.11
  5.11   7.94   1.65  12.96
 -0.74   3.93   1.76   4.44
  11.6   4.08   9.21   4.86
 23.73  24.64   1.73 112.86
  5.02  17.46  -0.27  -0.13
  2.94   7.98   1.23    2.6
  5.39  -0.53   1.03  21.75
  0.14   1.64  -0.75  -0.17
 31.51  13.18   1.64  26.66
  3.38   9.88   -0.3   0.71
 20.36  46.45  -0.24  18.96
  7.36   5.68   5.67   1.74
  1.86  23.12   4.24   5.41
 28.88  35.73  -0.83   7.73
  1.88  10.64  42.16   63.2
  0.46  -0.67   -0.6  -0.14
  6.46   2.45   2.15   8.87
   3.2   1.12  -0.54  10.03
  0.03   2.26   1.74  -0.51
  5.27   3.94   1.02   1.73
 -0.15   9.12  -0.19  10.69
  3.23   1.36  -0.42   1.33
 21.16  25.68   4.85  13.41
 19.95  17.93   0.71    9.9
  4.14   1.99  -0.25   1.44
 24.02  10.74  -0.36    8.9
  1.81   7.18  -0.43   9.48
  1.06  25.71   0.74   9.66
  3.62   7.39   3.46   0.81
  0.59  18.17  -0.05   3.17
  4.23   5.03   4.03  -0.66
 -0.39  -0.91  -0.12   1.67
  9.53   7.76  -0.58   0.64
  1.64  -0.12   -0.1   3.33
  5.33  16.08   -0.7   3.72
  2.61   2.37   2.14  13.12
  4.44    8.2   0.54    3.1
   2.8  13.32  -0.21   2.35
  9.73   0.42   5.07   7.66
 41.03  14.09  -0.38  17.99
 -0.31  -0.85  -0.57  -0.42
 11.05  37.47   3.08   3.35
 20.09   0.76  15.54  23.88
 27.92  34.59  16.02   4.02
 10.09      0  -0.12  16.34
  21.2   1.96  -0.75   7.03
 13.76   5.96  -0.02  21.48
  2.77   4.94   3.52   0.47
  2.55  17.75  -0.48   7.91
 27.73  -0.45  -0.24   3.66
 23.55  24.06  -0.71   1.18
 44.24   5.17  -0.87   1.42
  3.31  12.88  -0.05  -0.09
  3.02   8.03   1.62   5.48
 11.11   1.06  10.48   3.59
  0.51  -0.53  -0.22   7.02
  5.09   3.79   4.43  35.01
 13.09   5.59  -0.92   10.5
 23.43  18.85  -0.22   5.08
  4.57   0.57  -0.36  -0.33
  3.96  30.53   2.16  60.23
  8.66   2.84   3.49   16.2
   8.5   9.89   4.14   5.58
 -0.04   -0.8  -0.15  -0.34
   4.8  -0.78  -0.28  -0.42
 11.87  15.47  -0.48   1.25
   8.2   4.06   2.42   7.09
     4  23.39   2.52   5.39
  1.53   43.7   4.11   3.28
 16.12  26.16  -0.68   2.53
  2.78   1.13   1.42   4.89
  37.6   6.02  19.98   0.87
 21.86  12.93  -0.61   -0.2
 14.66  26.62   11.9   2.47
 -0.22   6.63  -0.87   1.85
 44.28  24.84  -0.83  22.25
  16.6  55.75  -0.37  19.62
 18.72  40.55  -0.33  14.64
 16.82   1.15  -0.04  -0.04
  5.29  -0.01  -0.13   8.16
  1.74    0.8   3.51   0.46
  9.68   8.61  -0.52  20.04
 11.45   3.96   3.63  34.67
 -0.02   8.97  -0.63   4.89
  1.92  -0.17   2.61  -0.26
  3.35   1.92   -0.3  94.89
 16.86  18.14  14.71  -0.91
  6.52  11.87  -0.38  12.01
 12.62   6.14  -0.69  18.68
 11.27   9.97  -0.23  -0.55
 32.34  47.94  -0.24    8.2
  2.74  13.49  -0.01   4.66
  5.55  86.49  -0.25  48.16
  -0.2  -0.16   3.14   1.42
  7.12  15.35  -0.69  25.22
--------- Parameters ---------
Total Number of Runs:1
Number of Moments:14
Hyper Cube Width:1
Using Times:120 240
Blind PSO --> nParts:1000 Nsteps:1000
Targeted PSO --> nParts:10 Nsteps:10
Number of Rates:6
------------------------------
------ Reading in Yt! ------
"../data/Y/t4m_processed.csv"
Read in 2437 rows!
---------------------------
Computing Weight Matrices!
  0.0149235           0           0           0           0           0           0           0           0           0           0           0           0           0
          0   0.0194869           0           0           0           0           0           0           0           0           0           0           0           0
          0           0   0.0299509           0           0           0           0           0           0           0           0           0           0           0
          0           0           0 0.000243127           0           0           0           0           0           0           0           0           0           0
          0           0           0           0 7.46851e-06           0           0           0           0           0           0           0           0           0
          0           0           0           0           0 2.02259e-05           0           0           0           0           0           0           0           0
          0           0           0           0           0           0 3.20078e-05           0           0           0           0           0           0           0
          0           0           0           0           0           0           0  1.5596e-09           0           0           0           0           0           0
          0           0           0           0           0           0           0           0 7.57237e-05           0           0           0           0           0
          0           0           0           0           0           0           0           0           0 0.000184236           0           0           0           0
          0           0           0           0           0           0           0           0           0           0 2.21605e-06           0           0           0
          0           0           0           0           0           0           0           0           0           0           0 0.000223477           0           0
          0           0           0           0           0           0           0           0           0           0           0           0 1.53756e-06           0
          0           0           0           0           0           0           0           0           0           0           0           0           0 4.91262e-07
PSO Seeded At:0.512592 0.248641 0.572542 0.515836 0.723742 0.450269| cost:1.89478
PSO Estimation Has Begun, This may take some time...
Simulated Xt Moments for time 240: 5.9847 5.22718 2.40542 24.3321 35.8167 27.3234 5.78604 592.055 31.2831 14.3957  145.62 12.5736 127.188  58.529
Final Evolved Matrix
 5.9847 5.22736 2.40618 24.3721
 5.9847 5.22711 2.40505   24.31
 5.9847 5.22735 2.40629 24.3821
 5.9847 5.22707 2.40482 24.2962
 5.9847 5.22735 2.40631 24.3883
5.98471  5.2277 2.40742 24.4235
 5.9847 5.22699 2.40467 24.3008
 5.9847 5.22715 2.40522 24.3191
 5.9847 5.22719 2.40547  24.334
 5.9847 5.22729  2.4062 24.3937
 5.9847 5.22694 2.40439 24.2799
 5.9847 5.22715 2.40527 24.3232
 5.9847 5.22724 2.40565 24.3419
 5.9847 5.22705 2.40487 24.3043
 5.9847  5.2273 2.40609 24.3734
 5.9847 5.22696 2.40447 24.2832
 5.9847 5.22701  2.4047 24.2975
 5.9847 5.22714 2.40528 24.3261
 5.9847  5.2271 2.40522 24.3305
 5.9847 5.22714 2.40526 24.3232
5.98471 5.22772 2.40756 24.4305
 5.9847 5.22733 2.40604 24.3628
 5.9847 5.22705 2.40481 24.2997
 5.9847 5.22698 2.40452 24.2841
 5.9847 5.22742 2.40649 24.3861
 5.9847 5.22718 2.40534 24.3241
 5.9847 5.22703 2.40484 24.3091
 5.9847 5.22697 2.40448 24.2835
 5.9847 5.22738 2.40636 24.3865
 5.9847 5.22733 2.40597 24.3561
 5.9847 5.22721 2.40546 24.3312
 5.9847 5.22693 2.40423 24.2674
 5.9847 5.22688 2.40409 24.2633
 5.9847 5.22702 2.40467 24.2917
 5.9847 5.22709 2.40512  24.322
5.98471  5.2278 2.40809 24.4651
 5.9847 5.22748 2.40658 24.3835
 5.9847 5.22723 2.40555 24.3371
 5.9847 5.22706 2.40501 24.3194
 5.9847 5.22709 2.40501 24.3112
 5.9847 5.22702 2.40473 24.2977
 5.9847   5.227 2.40466 24.2929
 5.9847 5.22692 2.40427 24.2715
 5.9847 5.22696 2.40441 24.2779
 5.9847 5.22734 2.40639 24.3983
5.98471  5.2278 2.40813 24.4713
 5.9847  5.2269 2.40414 24.2647
 5.9847 5.22706 2.40495 24.3112
 5.9847 5.22722  2.4056  24.341
 5.9847  5.2271 2.40524 24.3316
 5.9847 5.22696 2.40436 24.2735
 5.9847 5.22702 2.40477 24.3022
 5.9847 5.22721 2.40547 24.3323
 5.9847 5.22714 2.40524 24.3221
 5.9847 5.22689 2.40407 24.2584
 5.9847 5.22691 2.40415 24.2632
 5.9847 5.22705 2.40475 24.2933
 5.9847 5.22711 2.40532 24.3429
5.98471 5.22759 2.40701 24.4047
 5.9847 5.22691 2.40417 24.2658
 5.9847 5.22712 2.40531  24.334
 5.9847 5.22701 2.40461  24.288
 5.9847 5.22689 2.40408 24.2606
5.98471 5.22777  2.4079 24.4543
 5.9847 5.22692 2.40426 24.2702
 5.9847 5.22687   2.404 24.2554
 5.9847 5.22699 2.40456  24.288
 5.9847 5.22736 2.40608 24.3614
 5.9847 5.22701  2.4046 24.2854
 5.9847 5.22707 2.40484 24.2979
 5.9847  5.2271 2.40497 24.3048
 5.9847  5.2272 2.40543 24.3287
 5.9847 5.22704 2.40483 24.3034
 5.9847 5.22746 2.40647 24.3795
5.98471 5.22759 2.40718  24.423
 5.9847 5.22691 2.40419 24.2668
 5.9847 5.22711 2.40505 24.3115
 5.9847 5.22706 2.40486 24.3012
 5.9847 5.22697 2.40437 24.2727
 5.9847 5.22713 2.40527 24.3315
 5.9847  5.2274 2.40662 24.4052
 5.9847 5.22748  2.4067 24.3957
 5.9847 5.22689 2.40405  24.258
 5.9847 5.22701 2.40455  24.283
 5.9847 5.22695 2.40461 24.3048
 5.9847 5.22712 2.40505 24.3097
 5.9847 5.22724 2.40565 24.3456
 5.9847 5.22688 2.40404 24.2592
 5.9847 5.22706 2.40504 24.3228
 5.9847 5.22709 2.40515 24.3263
 5.9847 5.22694 2.40434 24.2764
 5.9847 5.22751 2.40689  24.409
 5.9847 5.22692 2.40418 24.2642
 5.9847 5.22709 2.40496 24.3062
 5.9847 5.22703 2.40469 24.2904
 5.9847 5.22703 2.40464 24.2874
 5.9847 5.22752 2.40677 24.3946
 5.9847 5.22742 2.40639 24.3808
 5.9847 5.22695  2.4044 24.2793
 5.9847 5.22726 2.40566 24.3393
 5.9847 5.22687 2.40402 24.2586
 5.9847 5.22698 2.40448 24.2815
 5.9847 5.22695 2.40436 24.2741
 5.9847 5.22704 2.40492 24.3119
 5.9847 5.22746 2.40667 24.3977
 5.9847 5.22696 2.40442 24.2797
5.98471 5.22776 2.40777 24.4442
 5.9847 5.22686 2.40395 24.2524
 5.9847  5.2272 2.40575  24.363
 5.9847 5.22712 2.40558  24.368
 5.9847 5.22719 2.40568 24.3532
 5.9847 5.22688 2.40401 24.2561
 5.9847 5.22714 2.40514 24.3121
 5.9847  5.2271  2.4052 24.3291
 5.9847 5.22747 2.40665 24.3926
 5.9847 5.22695 2.40434 24.2749
 5.9847 5.22711 2.40513 24.3182
 5.9847 5.22692 2.40419 24.2643
 5.9847 5.22697 2.40448 24.2828
 5.9847  5.2272 2.40538 24.3238
 5.9847 5.22719 2.40542 24.3301
 5.9847 5.22688 2.40407  24.261
 5.9847 5.22708 2.40502 24.3125
 5.9847 5.22695 2.40452 24.2918
 5.9847 5.22707  2.4048 24.2942
 5.9847 5.22751 2.40677 24.3967
 5.9847  5.2276 2.40732 24.4314
 5.9847 5.22717 2.40538 24.3317
5.98471 5.22832 2.41072 24.6163
 5.9847 5.22708 2.40484 24.2965
 5.9847   5.227 2.40456 24.2854
 5.9847 5.22702 2.40461 24.2854
 5.9847 5.22709 2.40493 24.3037
 5.9847 5.22753 2.40677 24.3947
 5.9847 5.22735 2.40669 24.4273
 5.9847 5.22694 2.40434 24.2758
 5.9847 5.22726 2.40566 24.3422
 5.9847 5.22726 2.40574  24.346
 5.9847 5.22688 2.40401 24.2559
 5.9847  5.2272 2.40565 24.3533
 5.9847 5.22707 2.40491 24.3048
 5.9847 5.22744 2.40655 24.3887
 5.9847 5.22727 2.40572 24.3422
 5.9847   5.227 2.40459  24.287
 5.9847 5.22694 2.40428 24.2703
 5.9847 5.22695 2.40438 24.2777
 5.9847 5.22738 2.40614 24.3627
 5.9847 5.22701 2.40484 24.3148
 5.9847 5.22718 2.40535 24.3248
 5.9847 5.22726 2.40566 24.3405
 5.9847 5.22735 2.40616 24.3709
 5.9847 5.22725 2.40583 24.3579
 5.9847  5.2275 2.40709 24.4354
 5.9847 5.22706 2.40485 24.3014
 5.9847 5.22696  2.4044 24.2779
 5.9847 5.22723 2.40573 24.3562
5.98471   5.228 2.40889 24.5048
 5.9847  5.2271 2.40508 24.3164
 5.9847 5.22718  2.4054 24.3323
 5.9847  5.2271 2.40502 24.3097
 5.9847 5.22699 2.40464 24.2928
 5.9847 5.22707 2.40487 24.3025
 5.9847 5.22728 2.40584 24.3543
 5.9847 5.22729   2.406 24.3646
 5.9847 5.22708 2.40504 24.3185
 5.9847 5.22758 2.40775  24.476
 5.9847 5.22708 2.40489 24.3017
 5.9847 5.22738 2.40634 24.3833
 5.9847 5.22691 2.40414 24.2625
 5.9847 5.22734 2.40598 24.3547
 5.9847 5.22708 2.40528 24.3432
 5.9847 5.22707 2.40496 24.3099
 5.9847  5.2271 2.40496 24.3038
5.98471 5.22761 2.40734 24.4366
 5.9847 5.22727 2.40569  24.341
 5.9847 5.22699 2.40461 24.2933
 5.9847 5.22715 2.40554 24.3534
 5.9847 5.22689 2.40421 24.2752
 5.9847 5.22743 2.40653  24.388
 5.9847 5.22733 2.40598 24.3572
 5.9847 5.22692 2.40428 24.2726
 5.9847 5.22708 2.40495 24.3066
 5.9847 5.22708 2.40489 24.3007
 5.9847 5.22693 2.40429 24.2745
 5.9847 5.22718 2.40543 24.3336
 5.9847 5.22688   2.404 24.2549
 5.9847 5.22721 2.40542 24.3257
 5.9847  5.2271 2.40512 24.3172
 5.9847 5.22701 2.40478 24.3068
 5.9847 5.22718 2.40572 24.3679
 5.9847 5.22691 2.40419 24.2673
5.98471 5.22762 2.40719  24.417
 5.9847 5.22719 2.40544 24.3345
 5.9847 5.22693 2.40433 24.2789
 5.9847 5.22746 2.40675 24.4055
 5.9847 5.22755 2.40718 24.4323
 5.9847 5.22698  2.4045 24.2826
 5.9847 5.22689 2.40404 24.2575
5.98471 5.22775 2.40775 24.4448
 5.9847 5.22723 2.40568 24.3462
 5.9847  5.2269 2.40411 24.2609
 5.9847 5.22698 2.40454 24.2876
 5.9847 5.22709 2.40529 24.3406
 5.9847 5.22789 2.40892 24.5311
 5.9847 5.22695 2.40437 24.2763
 5.9847 5.22696 2.40433 24.2716
 5.9847 5.22693 2.40424 24.2678
 5.9847 5.22752 2.40698 24.4149
 5.9847 5.22689 2.40408 24.2602
 5.9847 5.22695 2.40444 24.2837
 5.9847 5.22751 2.40671 24.3928
 5.9847 5.22721  2.4055  24.334
 5.9847 5.22687 2.40399  24.255
 5.9847 5.22688 2.40401  24.256
 5.9847  5.2272 2.40554 24.3396
 5.9847 5.22732 2.40586 24.3465
 5.9847 5.22703 2.40468 24.2911
 5.9847 5.22713 2.40512  24.316
 5.9847  5.2269  2.4041 24.2599
 5.9847  5.2272 2.40551 24.3374
 5.9847 5.22735 2.40611 24.3654
 5.9847 5.22721 2.40563 24.3465
 5.9847  5.2276  2.4074 24.4407
 5.9847 5.22741 2.40635 24.3765
 5.9847 5.22702 2.40459 24.2845
 5.9847 5.22727  2.4058 24.3505
 5.9847 5.22726  2.4057 24.3442
 5.9847 5.22693 2.40428 24.2724
 5.9847 5.22729 2.40581  24.348
 5.9847 5.22734 2.40597 24.3537
 5.9847 5.22721 2.40542 24.3265
 5.9847 5.22719 2.40543 24.3317
 5.9847  5.2275 2.40726  24.443
 5.9847  5.2269 2.40419  24.272
 5.9847 5.22742 2.40631 24.3708
 5.9847 5.22732 2.40604 24.3664
 5.9847 5.22744 2.40654 24.3886
 5.9847 5.22708 2.40502 24.3165
5.98471 5.22772 2.40765 24.4414
 5.9847 5.22687 2.40396 24.2535
 5.9847 5.22701 2.40462 24.2886
 5.9847 5.22717 2.40541 24.3345
 5.9847 5.22704 2.40471 24.2922
 5.9847 5.22709 2.40501   24.31
 5.9847 5.22688 2.40404 24.2575
 5.9847 5.22739 2.40636 24.3828
 5.9847 5.22706 2.40483 24.3001
 5.9847 5.22748 2.40679 24.4053
 5.9847  5.2273 2.40628 24.3935
 5.9847 5.22712 2.40543 24.3475
 5.9847 5.22726 2.40563 24.3376
 5.9847 5.22695 2.40448 24.2874
 5.9847 5.22717 2.40558 24.3481
5.98471 5.22801 2.40867 24.4818
 5.9847 5.22701 2.40464 24.2912
 5.9847 5.22733  2.4061 24.3683
 5.9847 5.22734 2.40621 24.3776
 5.9847  5.2271   2.405 24.3071
 5.9847 5.22736 2.40618 24.3701
 5.9847 5.22712 2.40521 24.3234
 5.9847 5.22718 2.40548 24.3367
 5.9847 5.22712 2.40505 24.3091
 5.9847 5.22697 2.40447 24.2808
 5.9847 5.22691 2.40421 24.2679
 5.9847 5.22765 2.40753 24.4445
 5.9847 5.22728 2.40591 24.3589
 5.9847 5.22748 2.40688 24.4155
 5.9847 5.22694 2.40438 24.2823
 5.9847 5.22714 2.40525 24.3231
 5.9847 5.22711 2.40521   24.33
 5.9847 5.22706 2.40489  24.305
 5.9847 5.22749 2.40696 24.4182
 5.9847 5.22759 2.40719 24.4206
 5.9847 5.22696 2.40448 24.2838
 5.9847 5.22697 2.40442  24.277
 5.9847 5.22699 2.40447 24.2779
 5.9847 5.22707 2.40486 24.2992
5.98471 5.22802 2.40903  24.513
 5.9847 5.22699  2.4045 24.2799
 5.9847 5.22695 2.40432 24.2716
 5.9847 5.22713 2.40514  24.315
 5.9847 5.22733 2.40594 24.3531
 5.9847 5.22688 2.40402 24.2563
 5.9847  5.2269 2.40415 24.2644
 5.9847 5.22721 2.40541 24.3259
 5.9847 5.22712 2.40512 24.3159
 5.9847 5.22701 2.40458 24.2841
 5.9847 5.22706 2.40478 24.2946
 5.9847 5.22744 2.40645 24.3801
 5.9847 5.22695 2.40437 24.2755
 5.9847 5.22699 2.40454 24.2853
 5.9847 5.22691 2.40416  24.266
 5.9847 5.22731   2.406 24.3621
 5.9847 5.22747 2.40687 24.4193
 5.9847 5.22715 2.40532 24.3296
 5.9847 5.22713 2.40515 24.3171
 5.9847 5.22725  2.4057 24.3457
 5.9847 5.22698 2.40466 24.3003
 5.9847 5.22714 2.40535 24.3339
5.98471 5.22769  2.4077  24.453
 5.9847 5.22694 2.40425 24.2671
 5.9847 5.22754 2.40707 24.4202
 5.9847 5.22727 2.40577  24.349
5.98471 5.22792 2.40897 24.5308
 5.9847  5.2269 2.40422 24.2758
 5.9847 5.22698 2.40451 24.2849
 5.9847 5.22699  2.4046 24.2896
 5.9847 5.22705 2.40497 24.3149
 5.9847 5.22688 2.40401 24.2553
 5.9847 5.22707 2.40489 24.3025
 5.9847 5.22689 2.40407 24.2597
 5.9847 5.22692 2.40419 24.2654
 5.9847 5.22731 2.40591 24.3532
 5.9847 5.22703 2.40464 24.2864
5.98471 5.22783 2.40826 24.4834
 5.9847 5.22706  2.4049 24.3069
 5.9847  5.2269 2.40415 24.2642
5.98471  5.2276 2.40704  24.406
 5.9847 5.22691 2.40419 24.2665
 5.9847 5.22692 2.40418 24.2646
 5.9847 5.22727 2.40579 24.3497
 5.9847 5.22743 2.40643 24.3802
 5.9847 5.22695 2.40442 24.2819
 5.9847 5.22711 2.40508 24.3121
 5.9847  5.2274 2.40643 24.3876
 5.9847 5.22705 2.40485 24.3036
 5.9847 5.22704 2.40484 24.3036
 5.9847 5.22692 2.40428 24.2737
 5.9847 5.22744 2.40642 24.3772
 5.9847  5.2271 2.40499 24.3065
 5.9847 5.22705 2.40474 24.2929
 5.9847  5.2271 2.40514 24.3206
 5.9847 5.22687   2.404 24.2557
 5.9847 5.22727 2.40583 24.3553
 5.9847 5.22693 2.40423 24.2673
 5.9847 5.22748  2.4067  24.395
 5.9847 5.22691 2.40416 24.2634
 5.9847 5.22691 2.40418 24.2658
 5.9847 5.22727 2.40579 24.3495
 5.9847 5.22705 2.40481 24.2988
 5.9847 5.22702 2.40472 24.2959
 5.9847 5.22717 2.40528 24.3195
 5.9847  5.2269 2.40412 24.2623
 5.9847 5.22692 2.40431  24.279
 5.9847 5.22734 2.40607 24.3617
 5.9847 5.22697 2.40442 24.2777
 5.9847 5.22701 2.40463 24.2886
 5.9847 5.22698 2.40445 24.2784
 5.9847 5.22687 2.40406 24.2645
 5.9847 5.22703 2.40465 24.2874
 5.9847 5.22686 2.40394 24.2525
5.98471 5.22767 2.40752 24.4387
 5.9847  5.2271 2.40511 24.3176
 5.9847 5.22699 2.40452 24.2832
 5.9847 5.22733 2.40597 24.3568
 5.9847 5.22687 2.40397 24.2535
 5.9847 5.22726 2.40561 24.3335
 5.9847 5.22716 2.40536 24.3303
 5.9847 5.22717 2.40541 24.3321
 5.9847 5.22756 2.40735 24.4426
 5.9847 5.22706 2.40477 24.2937
 5.9847 5.22688 2.40408 24.2625
 5.9847 5.22732 2.40598 24.3571
 5.9847 5.22718 2.40528 24.3196
 5.9847 5.22746  2.4068 24.4108
5.98471 5.22795 2.40885 24.5126
 5.9847 5.22696 2.40446 24.2836
 5.9847 5.22713 2.40507 24.3083
 5.9847 5.22707 2.40493 24.3086
 5.9847 5.22735  2.4061 24.3636
 5.9847 5.22704  2.4048 24.2996
 5.9847 5.22693 2.40428 24.2708
 5.9847 5.22721 2.40552 24.3359
 5.9847 5.22688 2.40405 24.2582
 5.9847 5.22705 2.40483 24.3009
 5.9847  5.2271   2.405 24.3078
 5.9847 5.22712 2.40508 24.3127
 5.9847 5.22717 2.40527 24.3202
5.98471 5.22762 2.40724 24.4213
 5.9847 5.22696 2.40444 24.2811
 5.9847 5.22714 2.40537 24.3361
 5.9847 5.22719 2.40537 24.3242
 5.9847 5.22705 2.40477  24.295
 5.9847 5.22696 2.40439 24.2759
 5.9847 5.22688 2.40403 24.2574
 5.9847 5.22691 2.40417 24.2654
5.98471 5.22778 2.40807 24.4665
 5.9847   5.227 2.40464 24.2918
 5.9847 5.22704 2.40502 24.3252
 5.9847 5.22694 2.40429 24.2723
 5.9847 5.22699 2.40452 24.2837
 5.9847 5.22717 2.40529 24.3209
 5.9847  5.2273 2.40582 24.3484
 5.9847 5.22734 2.40642 24.3987
 5.9847 5.22707 2.40509 24.3235
 5.9847 5.22697 2.40441 24.2761
 5.9847 5.22709 2.40494 24.3053
 5.9847 5.22729 2.40583 24.3506
 5.9847 5.22727 2.40593 24.3637
 5.9847 5.22708 2.40507 24.3189
 5.9847 5.22691 2.40414 24.2615
5.98471 5.22772 2.40758 24.4333
 5.9847 5.22692 2.40419 24.2665
5.98471 5.22795 2.40852 24.4783
 5.9847 5.22713 2.40513 24.3132
 5.9847 5.22728  2.4058 24.3502
 5.9847 5.22695 2.40438 24.2776
5.98471 5.22777 2.40783 24.4474
 5.9847 5.22733 2.40623 24.3816
 5.9847 5.22691 2.40416  24.264
 5.9847 5.22692 2.40426 24.2716
 5.9847 5.22705 2.40488 24.3085
 5.9847 5.22708 2.40497 24.3088
 5.9847 5.22706 2.40479  24.295
 5.9847 5.22711 2.40509 24.3148
 5.9847 5.22724 2.40597 24.3712
 5.9847 5.22695 2.40436 24.2748
 5.9847 5.22694 2.40432  24.273
 5.9847 5.22749 2.40657 24.3828
5.98471 5.22787 2.40817 24.4617
 5.9847 5.22731 2.40595 24.3581
 5.9847 5.22688 2.40403 24.2579
 5.9847 5.22725 2.40557 24.3323
 5.9847 5.22689 2.40407 24.2603
 5.9847 5.22688 2.40404 24.2576
 5.9847 5.22748 2.40687 24.4107
 5.9847 5.22704 2.40472 24.2919
 5.9847 5.22694 2.40428 24.2697
 5.9847  5.2272 2.40558 24.3446
 5.9847 5.22712 2.40503  24.307
 5.9847 5.22718 2.40537  24.327
 5.9847 5.22718 2.40534 24.3239
 5.9847 5.22732 2.40621 24.3797
 5.9847  5.2269 2.40412 24.2615
 5.9847 5.22719 2.40562 24.3472
 5.9847 5.22712 2.40503 24.3071
 5.9847 5.22688 2.40402 24.2563
 5.9847 5.22734   2.406 24.3561
 5.9847 5.22702 2.40464 24.2898
5.98471 5.22773 2.40762 24.4349
5.98471 5.22779 2.40788 24.4483
 5.9847 5.22717  2.4054 24.3323
 5.9847 5.22744 2.40649  24.383
 5.9847 5.22694 2.40434 24.2769
 5.9847 5.22725 2.40586 24.3629
 5.9847 5.22704 2.40478 24.2978
 5.9847 5.22707 2.40488 24.3017
 5.9847 5.22697 2.40447 24.2811
 5.9847 5.22722 2.40579 24.3648
 5.9847  5.2269 2.40418 24.2697
 5.9847 5.22716  2.4052 24.3141
 5.9847 5.22708 2.40509 24.3222
 5.9847 5.22705 2.40491 24.3096
 5.9847 5.22694  2.4043 24.2721
 5.9847 5.22705 2.40482    24.3
5.98471 5.22786  2.4082 24.4655
 5.9847 5.22691 2.40421 24.2678
 5.9847 5.22691 2.40417 24.2664
5.98471 5.22755 2.40687 24.3988
 5.9847 5.22697  2.4044 24.2752
 5.9847 5.22706 2.40486  24.303
 5.9847 5.22722 2.40588 24.3701
 5.9847 5.22711 2.40499 24.3033
 5.9847 5.22735 2.40621 24.3751
5.98471 5.22804 2.40894 24.5019
 5.9847 5.22702 2.40489 24.3156
 5.9847 5.22721 2.40566 24.3485
 5.9847 5.22713 2.40522 24.3241
 5.9847 5.22698 2.40452 24.2858
5.98471 5.22887 2.41283 24.7138
 5.9847  5.2273   2.406  24.366
 5.9847 5.22728 2.40587 24.3556
 5.9847 5.22703 2.40481 24.3017
5.98471 5.22749 2.40653 24.3784
 5.9847 5.22717 2.40536 24.3289
 5.9847 5.22724 2.40557 24.3355
 5.9847 5.22703  2.4047 24.2914
 5.9847 5.22704 2.40473 24.2926
 5.9847 5.22716 2.40533 24.3305
 5.9847 5.22734 2.40605 24.3612
 5.9847 5.22696 2.40446 24.2821
 5.9847 5.22704 2.40519 24.3458
 5.9847 5.22732 2.40611 24.3727
 5.9847  5.2276 2.40754 24.4536
 5.9847   5.227 2.40466 24.2956
 5.9847 5.22697 2.40464  24.302
 5.9847 5.22694 2.40433 24.2737
 5.9847 5.22716 2.40555 24.3487
 5.9847 5.22708 2.40502 24.3134
5.98471 5.22762 2.40733  24.432
 5.9847 5.22714 2.40514 24.3117
 5.9847 5.22699  2.4045 24.2817
 5.9847  5.2271  2.4051 24.3195
 5.9847 5.22709 2.40512 24.3209
 5.9847 5.22745 2.40657 24.3896
 5.9847 5.22743  2.4065 24.3869
 5.9847 5.22721 2.40546 24.3289
5.98471 5.22839 2.41032 24.5652
 5.9847 5.22691 2.40414 24.2624
 5.9847 5.22697 2.40442 24.2762
 5.9847  5.2272 2.40554 24.3393
 5.9847 5.22746  2.4068 24.4095
 5.9847 5.22698 2.40467 24.3011
 5.9847 5.22709 2.40516 24.3276
5.98471 5.22784 2.40817 24.4682
 5.9847  5.2269 2.40418  24.268
 5.9847 5.22699 2.40454 24.2851
 5.9847 5.22697  2.4044 24.2748
 5.9847 5.22743 2.40639 24.3789
 5.9847 5.22697 2.40442 24.2767
 5.9847 5.22744  2.4065 24.3853
 5.9847 5.22711  2.4051 24.3159
 5.9847 5.22716 2.40528  24.324
 5.9847 5.22738  2.4065  24.397
 5.9847 5.22699 2.40459 24.2895
 5.9847 5.22694 2.40427 24.2685
 5.9847 5.22745 2.40686 24.4167
 5.9847 5.22708  2.4049 24.3022
 5.9847 5.22701 2.40481  24.307
5.98471 5.22788 2.40838 24.4794
 5.9847 5.22719 2.40547  24.335
 5.9847 5.22752 2.40679 24.3972
 5.9847 5.22729 2.40581 24.3494
 5.9847 5.22746  2.4067 24.3994
 5.9847 5.22738 2.40632 24.3783
 5.9847 5.22693 2.40424  24.268
 5.9847 5.22724  2.4056  24.338
 5.9847 5.22706 2.40477 24.2937
 5.9847 5.22712  2.4051 24.3136
 5.9847 5.22703 2.40506 24.3326
 5.9847 5.22709 2.40504 24.3149
 5.9847 5.22687   2.404 24.2552
 5.9847  5.2274 2.40647 24.3912
 5.9847 5.22726 2.40569  24.343
 5.9847 5.22727 2.40571  24.343
 5.9847 5.22712 2.40515 24.3177
 5.9847 5.22694 2.40431 24.2732
 5.9847 5.22762 2.40736 24.4316
 5.9847  5.2269 2.40422  24.272
 5.9847 5.22691  2.4042 24.2682
 5.9847 5.22749 2.40684  24.406
 5.9847 5.22692 2.40428 24.2741
 5.9847 5.22729 2.40577 24.3428
5.98471 5.22809 2.40912 24.5098
 5.9847 5.22745 2.40637 24.3713
 5.9847 5.22709 2.40499 24.3094
 5.9847 5.22708 2.40508 24.3185
 5.9847  5.2271 2.40515 24.3226
5.98471 5.22782 2.40822 24.4761
 5.9847   5.227 2.40451 24.2808
 5.9847 5.22709 2.40494 24.3041
 5.9847 5.22768  2.4076 24.4431
 5.9847 5.22696 2.40437 24.2747
 5.9847 5.22714 2.40528 24.3259
 5.9847 5.22708 2.40485 24.2977
 5.9847 5.22733 2.40632 24.3914
 5.9847 5.22703 2.40485   24.31
5.98471  5.2278 2.40824 24.4875
 5.9847 5.22714 2.40526 24.3244
 5.9847 5.22714 2.40538 24.3369
 5.9847 5.22709 2.40493 24.3021
 5.9847 5.22711 2.40508 24.3136
 5.9847 5.22717 2.40527 24.3195
 5.9847 5.22701  2.4047  24.296
 5.9847 5.22728 2.40597 24.3637
 5.9847 5.22699 2.40457 24.2879
 5.9847 5.22724 2.40557 24.3363
5.98471 5.22779  2.4082 24.4785
 5.9847 5.22739 2.40667 24.4153
 5.9847 5.22725 2.40568 24.3427
 5.9847 5.22727 2.40577  24.348
 5.9847 5.22729 2.40583 24.3515
 5.9847 5.22729 2.40583 24.3502
 5.9847 5.22715 2.40519 24.3155
 5.9847 5.22701 2.40459 24.2858
 5.9847 5.22738 2.40616 24.3634
 5.9847 5.22736 2.40619 24.3706
 5.9847 5.22713 2.40534 24.3326
 5.9847 5.22737 2.40627 24.3768
 5.9847 5.22693 2.40435 24.2796
 5.9847 5.22713  2.4053 24.3306
 5.9847 5.22707 2.40491 24.3052
 5.9847 5.22711 2.40498 24.3048
 5.9847 5.22725 2.40564 24.3392
 5.9847 5.22712  2.4051 24.3134
 5.9847 5.22687 2.40396 24.2531
 5.9847 5.22716 2.40526 24.3215
 5.9847 5.22696 2.40456 24.2971
 5.9847 5.22709  2.4051 24.3184
 5.9847 5.22733 2.40612 24.3724
 5.9847 5.22721 2.40554 24.3379
 5.9847 5.22688 2.40401  24.256
 5.9847  5.2272 2.40552  24.337
 5.9847 5.22721 2.40553 24.3363
 5.9847 5.22701 2.40471 24.2988
5.98471 5.22766 2.40749  24.439
 5.9847 5.22734 2.40642 24.4063
 5.9847 5.22724 2.40559 24.3374
 5.9847 5.22696 2.40453 24.2911
 5.9847   5.227  2.4045 24.2797
 5.9847  5.2271 2.40499 24.3069
 5.9847 5.22718 2.40551 24.3405
 5.9847  5.2271 2.40533 24.3437
 5.9847 5.22714 2.40517 24.3162
 5.9847 5.22697  2.4044 24.2749
 5.9847 5.22695 2.40437 24.2771
 5.9847 5.22701 2.40478  24.308
 5.9847 5.22688 2.40406 24.2613
 5.9847   5.227 2.40465 24.2934
 5.9847  5.2272 2.40567 24.3513
 5.9847 5.22719 2.40548 24.3355
 5.9847  5.2272  2.4055 24.3343
 5.9847 5.22688 2.40409 24.2648
 5.9847 5.22748 2.40692 24.4198
 5.9847 5.22717 2.40537  24.329
 5.9847  5.2273 2.40599 24.3642
 5.9847 5.22722  2.4055 24.3312
 5.9847 5.22701 2.40466 24.2947
 5.9847 5.22704 2.40487   24.31
 5.9847 5.22734 2.40621 24.3782
 5.9847  5.2273 2.40599 24.3631
 5.9847 5.22712 2.40516 24.3189
5.98471 5.22756 2.40699 24.4093
 5.9847 5.22728 2.40565 24.3355
 5.9847 5.22701 2.40469 24.2978
 5.9847 5.22705 2.40499 24.3214
 5.9847 5.22723 2.40548 24.3286
5.98471 5.22765 2.40733 24.4229
 5.9847 5.22733 2.40607 24.3642
 5.9847 5.22693 2.40431 24.2735
 5.9847 5.22714 2.40528  24.326
 5.9847 5.22696 2.40445 24.2827
 5.9847 5.22723 2.40591 24.3713
 5.9847 5.22734 2.40618 24.3746
 5.9847 5.22716 2.40534 24.3271
5.98471 5.22781 2.40818 24.4734
 5.9847 5.22697 2.40442 24.2761
 5.9847 5.22734 2.40609 24.3643
 5.9847  5.2276  2.4076 24.4612
 5.9847 5.22756 2.40696 24.4045
 5.9847 5.22739 2.40663  24.409
 5.9847  5.2273 2.40587 24.3521
 5.9847 5.22739  2.4062 24.3652
 5.9847 5.22744 2.40639 24.3749
 5.9847 5.22729 2.40598 24.3636
 5.9847 5.22702 2.40461  24.286
 5.9847 5.22739 2.40615 24.3631
 5.9847 5.22703 2.40469 24.2923
 5.9847 5.22725 2.40564 24.3413
 5.9847 5.22701 2.40461 24.2873
 5.9847 5.22702 2.40468 24.2923
 5.9847 5.22703 2.40471 24.2938
 5.9847 5.22747 2.40688 24.4143
 5.9847 5.22744 2.40699 24.4308
 5.9847 5.22716 2.40534  24.327
 5.9847 5.22687 2.40397 24.2546
 5.9847 5.22711 2.40519 24.3237
 5.9847 5.22721 2.40555 24.3376
 5.9847 5.22713 2.40512 24.3139
5.98471 5.22769 2.40741 24.4239
 5.9847 5.22694 2.40425 24.2675
 5.9847 5.22688 2.40403 24.2567
 5.9847 5.22728 2.40573 24.3427
 5.9847 5.22745 2.40652 24.3848
 5.9847 5.22691 2.40425 24.2741
 5.9847 5.22691 2.40422 24.2693
 5.9847 5.22764 2.40755 24.4462
 5.9847 5.22767 2.40773 24.4564
 5.9847 5.22743 2.40642 24.3801
5.98471 5.22798  2.4088 24.4992
 5.9847 5.22696 2.40442 24.2786
 5.9847 5.22702 2.40479  24.302
5.98471 5.22777 2.40784 24.4482
 5.9847 5.22695 2.40448 24.2876
 5.9847 5.22704 2.40491 24.3135
 5.9847 5.22713 2.40529 24.3294
 5.9847 5.22692 2.40424 24.2696
 5.9847 5.22746 2.40668 24.4029
 5.9847 5.22743 2.40646 24.3857
 5.9847 5.22698 2.40445 24.2783
 5.9847 5.22736 2.40604 24.3558
 5.9847 5.22713 2.40522  24.326
 5.9847 5.22745 2.40642 24.3755
5.98471  5.2277 2.40753 24.4334
 5.9847 5.22702 2.40466 24.2911
 5.9847 5.22703  2.4048 24.3034
 5.9847 5.22704  2.4047 24.2902
 5.9847 5.22697 2.40469 24.3076
 5.9847 5.22704  2.4047 24.2902
 5.9847  5.2271 2.40535 24.3456
 5.9847 5.22719 2.40543 24.3306
 5.9847 5.22693 2.40428 24.2715
 5.9847 5.22705 2.40492 24.3094
 5.9847 5.22696 2.40453 24.2932
 5.9847 5.22719 2.40578  24.369
 5.9847 5.22732 2.40625 24.3835
 5.9847 5.22778 2.40811 24.4725
 5.9847 5.22747 2.40672 24.3995
 5.9847 5.22691 2.40429 24.2778
 5.9847 5.22741 2.40644 24.3866
 5.9847 5.22718 2.40533 24.3233
 5.9847 5.22705 2.40486 24.3054
 5.9847 5.22753 2.40716 24.4298
 5.9847 5.22693 2.40425 24.2676
 5.9847 5.22695 2.40431 24.2703
 5.9847  5.2269 2.40418 24.2669
 5.9847 5.22691 2.40418 24.2652
 5.9847 5.22687   2.404 24.2557
 5.9847  5.2269 2.40412 24.2626
 5.9847 5.22742 2.40626 24.3654
 5.9847 5.22763 2.40731 24.4255
 5.9847 5.22726 2.40562 24.3345
 5.9847 5.22702 2.40474 24.3021
 5.9847 5.22727 2.40604 24.3728
 5.9847 5.22712 2.40522  24.326
 5.9847 5.22736 2.40622  24.373
 5.9847 5.22718 2.40547 24.3392
 5.9847 5.22711 2.40528 24.3351
 5.9847 5.22688 2.40421  24.277
 5.9847 5.22721 2.40546  24.329
 5.9847 5.22732 2.40638 24.4025
 5.9847 5.22689 2.40407 24.2587
 5.9847 5.22695 2.40443 24.2809
 5.9847  5.2273 2.40587 24.3545
 5.9847 5.22692 2.40428 24.2726
 5.9847   5.227 2.40451 24.2809
 5.9847 5.22698 2.40453  24.285
 5.9847 5.22717 2.40545 24.3362
 5.9847 5.22713 2.40523 24.3231
5.98471 5.22762 2.40731 24.4303
 5.9847 5.22721  2.4059 24.3751
 5.9847 5.22733 2.40644 24.4003
 5.9847 5.22768 2.40765 24.4466
 5.9847 5.22689 2.40407 24.2586
 5.9847 5.22705 2.40472 24.2912
 5.9847 5.22697 2.40447 24.2813
 5.9847 5.22742 2.40644 24.3831
 5.9847 5.22756 2.40718 24.4258
 5.9847 5.22734 2.40601 24.3575
 5.9847 5.22707 2.40488  24.302
 5.9847  5.2273 2.40598  24.363
 5.9847 5.22727 2.40574 24.3466
 5.9847 5.22706 2.40503 24.3222
 5.9847  5.2273 2.40592 24.3587
 5.9847 5.22738 2.40669  24.419
 5.9847 5.22738 2.40634 24.3815
5.98471  5.2277 2.40767 24.4503
 5.9847 5.22705 2.40497 24.3196
 5.9847 5.22754 2.40699 24.4152
 5.9847 5.22692 2.40423 24.2686
 5.9847 5.22692 2.40418 24.2647
5.98471 5.22781 2.40791 24.4478
 5.9847 5.22742 2.40675 24.4119
 5.9847 5.22712 2.40513 24.3154
 5.9847 5.22725  2.4057 24.3468
5.98471 5.22758 2.40691 24.3975
 5.9847 5.22717 2.40525 24.3167
 5.9847 5.22711 2.40529 24.3407
 5.9847 5.22708 2.40495 24.3056
 5.9847 5.22751   2.407 24.4182
5.98471 5.22754 2.40675 24.3892
 5.9847 5.22729 2.40574 24.3411
 5.9847   5.227 2.40459 24.2868
 5.9847 5.22688 2.40402 24.2566
 5.9847 5.22699 2.40462 24.2937
 5.9847 5.22752 2.40675 24.3932
5.98471 5.22783  2.4081  24.462
 5.9847 5.22705 2.40482 24.3005
 5.9847 5.22723 2.40558 24.3393
 5.9847 5.22694 2.40426 24.2684
 5.9847 5.22733 2.40645 24.4101
 5.9847   5.227  2.4046 24.2888
 5.9847 5.22711 2.40517 24.3241
 5.9847 5.22698 2.40457 24.2924
 5.9847 5.22702 2.40473 24.2972
 5.9847 5.22704 2.40468 24.2879
5.98471 5.22769 2.40749 24.4327
 5.9847 5.22692 2.40453 24.3027
 5.9847 5.22687 2.40397 24.2541
 5.9847 5.22721 2.40557  24.341
 5.9847 5.22706 2.40487 24.3046
 5.9847 5.22688 2.40402 24.2566
 5.9847 5.22695 2.40447 24.2861
 5.9847 5.22711 2.40536 24.3422
 5.9847 5.22723 2.40564 24.3448
 5.9847 5.22689 2.40407 24.2591
 5.9847 5.22714 2.40518 24.3172
 5.9847 5.22718 2.40567 24.3616
 5.9847   5.227  2.4046 24.2894
 5.9847  5.2272 2.40549 24.3372
 5.9847   5.227 2.40458 24.2862
 5.9847 5.22692 2.40428  24.276
 5.9847 5.22705  2.4048 24.2983
 5.9847 5.22689 2.40411 24.2628
 5.9847 5.22696 2.40446 24.2853
 5.9847 5.22718 2.40529 24.3205
 5.9847 5.22725 2.40568 24.3442
 5.9847 5.22689 2.40405 24.2582
 5.9847 5.22696 2.40437 24.2736
 5.9847 5.22703  2.4047 24.2918
 5.9847 5.22705 2.40474 24.2912
 5.9847 5.22739 2.40631 24.3769
 5.9847 5.22773 2.40803 24.4749
 5.9847 5.22709 2.40512 24.3207
 5.9847 5.22692 2.40424 24.2711
 5.9847 5.22696 2.40438 24.2755
 5.9847  5.2274 2.40638 24.3819
 5.9847 5.22724 2.40564 24.3419
 5.9847 5.22702 2.40471 24.2955
 5.9847 5.22701 2.40466 24.2925
 5.9847 5.22708 2.40504  24.318
 5.9847 5.22754 2.40694 24.4075
 5.9847 5.22698 2.40444 24.2777
 5.9847 5.22718 2.40557 24.3506
 5.9847 5.22697 2.40455 24.2887
 5.9847 5.22723 2.40558 24.3382
5.98471 5.22778 2.40789 24.4523
 5.9847 5.22706 2.40475 24.2918
 5.9847 5.22744 2.40679 24.4111
 5.9847 5.22707 2.40486 24.3001
 5.9847 5.22688 2.40405 24.2582
 5.9847 5.22736 2.40631 24.3828
5.98471 5.22758 2.40697 24.4022
 5.9847 5.22759 2.40735 24.4355
 5.9847  5.2271 2.40498 24.3059
 5.9847 5.22753   2.407 24.4153
 5.9847 5.22725 2.40557 24.3326
 5.9847 5.22731 2.40598 24.3621
 5.9847 5.22726 2.40574 24.3459
5.98471 5.22781  2.4084 24.5016
 5.9847  5.2272 2.40555 24.3392
 5.9847  5.2273 2.40591 24.3551
 5.9847 5.22696 2.40442 24.2796
 5.9847 5.22702 2.40487 24.3134
 5.9847 5.22719 2.40549 24.3363
 5.9847  5.2271 2.40505 24.3129
 5.9847 5.22704 2.40475  24.295
 5.9847 5.22697 2.40445  24.281
 5.9847 5.22693 2.40431 24.2738
 5.9847 5.22694 2.40426 24.2693
 5.9847 5.22709 2.40506 24.3158
 5.9847 5.22718 2.40528 24.3199
 5.9847 5.22748 2.40668  24.394
 5.9847 5.22687   2.404 24.2551
 5.9847  5.2271 2.40499 24.3073
 5.9847 5.22706 2.40489  24.305
 5.9847 5.22713 2.40515 24.3166
 5.9847  5.2272 2.40561 24.3462
 5.9847 5.22688 2.40403 24.2569
 5.9847 5.22741 2.40642  24.382
 5.9847 5.22727 2.40604 24.3722
 5.9847  5.2272 2.40548 24.3341
 5.9847 5.22723 2.40557 24.3356
 5.9847 5.22754 2.40702 24.4163
 5.9847 5.22718 2.40536 24.3256
 5.9847 5.22699 2.40453  24.284
 5.9847 5.22701 2.40475 24.3044
 5.9847 5.22695  2.4045 24.2897
 5.9847 5.22719 2.40549 24.3363
 5.9847 5.22707 2.40502 24.3152
 5.9847 5.22729 2.40597 24.3634
 5.9847 5.22701  2.4047 24.2964
 5.9847 5.22688 2.40408 24.2614
 5.9847 5.22717 2.40558 24.3488
 5.9847 5.22761 2.40728 24.4258
 5.9847 5.22714 2.40518  24.318
 5.9847 5.22741 2.40629 24.3707
 5.9847 5.22732 2.40612 24.3716
 5.9847 5.22714 2.40529 24.3286
 5.9847 5.22751 2.40675  24.394
 5.9847   5.227 2.40465  24.293
 5.9847  5.2271 2.40525 24.3332
 5.9847 5.22703 2.40464 24.2865
 5.9847 5.22726 2.40566 24.3397
 5.9847 5.22751 2.40685 24.4063
 5.9847 5.22736 2.40604 24.3566
 5.9847 5.22721  2.4055 24.3355
 5.9847  5.2271 2.40509  24.315
5.98471 5.22816 2.40979 24.5637
 5.9847 5.22744 2.40648 24.3835
 5.9847 5.22735 2.40617 24.3714
 5.9847 5.22697 2.40448 24.2817
 5.9847 5.22708 2.40499 24.3105
 5.9847 5.22714 2.40508 24.3082
 5.9847 5.22703 2.40469 24.2911
 5.9847 5.22733 2.40595 24.3553
 5.9847 5.22698 2.40448 24.2799
 5.9847 5.22699 2.40447 24.2785
 5.9847 5.22773 2.40807 24.4777
 5.9847 5.22706 2.40482 24.2987
 5.9847 5.22696  2.4044 24.2782
 5.9847 5.22719 2.40542   24.33
 5.9847 5.22733 2.40595 24.3535
 5.9847 5.22723 2.40559 24.3402
 5.9847 5.22737 2.40623 24.3727
5.98471  5.2279 2.40838 24.4755
 5.9847   5.227 2.40458 24.2885
 5.9847 5.22747  2.4067 24.3967
 5.9847 5.22693 2.40429 24.2727
 5.9847 5.22732  2.4061  24.368
 5.9847 5.22705 2.40494 24.3141
 5.9847 5.22713 2.40522 24.3225
 5.9847 5.22707 2.40491 24.3047
 5.9847 5.22701 2.40466 24.2937
 5.9847 5.22726 2.40579 24.3532
5.98471 5.22765 2.40734 24.4229
 5.9847 5.22713 2.40525 24.3241
 5.9847 5.22694 2.40429 24.2705
 5.9847 5.22699 2.40461 24.2905
 5.9847 5.22698 2.40445 24.2784
 5.9847 5.22763 2.40732 24.4262
 5.9847 5.22686 2.40395 24.2531
 5.9847  5.2269 2.40411 24.2624
 5.9847 5.22714 2.40536 24.3373
 5.9847 5.22744 2.40637 24.3721
 5.9847 5.22741 2.40643 24.3841
5.98471 5.22761 2.40719 24.4159
 5.9847  5.2274 2.40637 24.3812
 5.9847 5.22694 2.40471 24.3201
 5.9847  5.2271 2.40505 24.3124
 5.9847 5.22701 2.40482 24.3118
 5.9847 5.22695 2.40439 24.2792
 5.9847 5.22705 2.40487 24.3035
 5.9847 5.22704 2.40482 24.3036
 5.9847 5.22706 2.40491 24.3097
 5.9847 5.22687 2.40399 24.2547
 5.9847 5.22717 2.40553 24.3449
 5.9847 5.22719 2.40539 24.3276
 5.9847 5.22768 2.40792 24.4723
 5.9847 5.22726  2.4059 24.3622
 5.9847 5.22697 2.40449  24.285
 5.9847 5.22724 2.40557  24.334
 5.9847 5.22735 2.40625 24.3786
5.98471 5.22797 2.40881 24.5018
5.98471 5.22777   2.408 24.4637
 5.9847 5.22759 2.40744 24.4478
 5.9847 5.22715 2.40525 24.3214
 5.9847 5.22724 2.40578 24.3544
 5.9847 5.22716 2.40529 24.3228
 5.9847 5.22701 2.40457  24.284
 5.9847 5.22715 2.40519 24.3151
5.98471 5.22764 2.40735 24.4261
 5.9847 5.22722 2.40553 24.3357
 5.9847 5.22721 2.40552 24.3349
 5.9847 5.22714 2.40525 24.3228
 5.9847  5.2275 2.40691 24.4155
 5.9847 5.22743 2.40644 24.3796
 5.9847 5.22717 2.40545 24.3408
 5.9847 5.22691 2.40418 24.2661
 5.9847 5.22688 2.40403 24.2572
 5.9847 5.22689 2.40413 24.2663
 5.9847 5.22751 2.40671 24.3915
 5.9847 5.22691 2.40419 24.2666
 5.9847 5.22688 2.40402  24.257
 5.9847   5.227 2.40456 24.2856
 5.9847 5.22702 2.40473 24.2959
 5.9847 5.22723  2.4056 24.3397
 5.9847 5.22713 2.40505  24.307
 5.9847 5.22743 2.40631 24.3682
 5.9847 5.22709 2.40516 24.3235
 5.9847  5.2273 2.40593 24.3565
 5.9847 5.22691 2.40415 24.2627
 5.9847 5.22686 2.40399 24.2575
5.98471 5.22769 2.40765 24.4459
 5.9847 5.22719 2.40554 24.3416
 5.9847 5.22719 2.40548  24.338
 5.9847 5.22714 2.40527  24.326
 5.9847 5.22747 2.40659 24.3874
 5.9847   5.227 2.40457 24.2865
 5.9847 5.22695 2.40432 24.2713
 5.9847 5.22759  2.4074 24.4414
 5.9847 5.22751  2.4067 24.3901
 5.9847 5.22701 2.40477 24.3069
 5.9847 5.22694 2.40428 24.2704
 5.9847 5.22687 2.40397 24.2537
 5.9847  5.2271 2.40503 24.3104
 5.9847 5.22706 2.40479 24.2965
 5.9847   5.227 2.40451 24.2802
 5.9847 5.22711 2.40516 24.3209
 5.9847 5.22693 2.40429 24.2726
 5.9847 5.22709 2.40498 24.3068
 5.9847 5.22696  2.4045 24.2878
 5.9847 5.22754 2.40714 24.4272
 5.9847  5.2269 2.40413 24.2628
 5.9847   5.227 2.40462 24.2928
 5.9847 5.22689 2.40407 24.2591
 5.9847 5.22701 2.40465 24.2912
 5.9847 5.22697 2.40443 24.2789
 5.9847 5.22733 2.40617 24.3738
 5.9847 5.22725 2.40561 24.3383
 5.9847 5.22736 2.40627 24.3785
 5.9847 5.22697 2.40447 24.2826
 5.9847 5.22697  2.4045 24.2886
 5.9847 5.22723  2.4056 24.3397
 5.9847 5.22713 2.40515 24.3173
 5.9847 5.22739  2.4062 24.3662
 5.9847 5.22719  2.4053 24.3195
 5.9847 5.22722 2.40569 24.3549
 5.9847 5.22746 2.40648 24.3773
 5.9847 5.22701 2.40462 24.2882
5.98471 5.22815 2.40951 24.5335
 5.9847 5.22697  2.4044 24.2753
 5.9847  5.2273 2.40611 24.3772
 5.9847  5.2276 2.40752 24.4549
 5.9847 5.22744 2.40654 24.3878
 5.9847 5.22745 2.40652 24.3846
 5.9847 5.22703 2.40476 24.2989
 5.9847 5.22717 2.40538 24.3318
 5.9847 5.22692 2.40428  24.273
5.98471 5.22759 2.40703 24.4064
 5.9847  5.2269 2.40414 24.2644
 5.9847 5.22744 2.40695 24.4299
 5.9847 5.22718 2.40543 24.3336
 5.9847 5.22724 2.40573   24.35
 5.9847 5.22689  2.4041 24.2618
 5.9847 5.22705 2.40484  24.303
 5.9847  5.2275 2.40693 24.4153
 5.9847 5.22687   2.404 24.2553
 5.9847 5.22703 2.40467 24.2894
 5.9847  5.2272 2.40551 24.3367
 5.9847 5.22704 2.40467 24.2877
 5.9847 5.22739 2.40666 24.4121
 5.9847 5.22707 2.40482 24.2976
 5.9847 5.22699 2.40455 24.2861
 5.9847 5.22702 2.40469 24.2949
 5.9847 5.22739 2.40636 24.3813
 5.9847 5.22721  2.4055 24.3332
 5.9847 5.22694  2.4043 24.2705
 5.9847 5.22691 2.40417 24.2638
 5.9847 5.22695 2.40443 24.2844
 5.9847  5.2269  2.4042 24.2721
 5.9847 5.22699 2.40466 24.3002
 5.9847 5.22686 2.40395 24.2529
 5.9847 5.22702 2.40462 24.2871
 5.9847 5.22709 2.40495 24.3042
 5.9847 5.22696 2.40448 24.2846
 5.9847 5.22706  2.4049  24.306
5.98471 5.22764 2.40719 24.4125
 5.9847 5.22698 2.40448 24.2813
5.98471 5.22766 2.40731 24.4191
 5.9847 5.22727 2.40589 24.3611
 5.9847 5.22697  2.4046 24.2978
 5.9847 5.22698  2.4045 24.2827
 5.9847 5.22706 2.40486 24.3008
 5.9847 5.22722 2.40551 24.3319
 5.9847 5.22693 2.40426 24.2685
 5.9847  5.2274 2.40643 24.3851
 5.9847 5.22734 2.40602 24.3583
 5.9847 5.22703 2.40484 24.3056
 5.9847  5.2275  2.4067 24.3915
 5.9847 5.22719 2.40544 24.3328
 5.9847 5.22704 2.40474 24.2938
 5.9847 5.22761 2.40731 24.4288
 5.9847 5.22712 2.40509 24.3124
 5.9847   5.227 2.40455 24.2838
 5.9847 5.22711 2.40521  24.327
 5.9847 5.22712 2.40526 24.3271
 5.9847 5.22692 2.40422 24.2679
 5.9847 5.22755 2.40736 24.4467
 5.9847 5.22713 2.40524 24.3258
 5.9847 5.22717 2.40542 24.3356
 5.9847 5.22702 2.40464 24.2888
 5.9847 5.22711   2.405  24.306
 5.9847 5.22706 2.40493 24.3091
 5.9847 5.22717 2.40535 24.3312
 5.9847 5.22715  2.4055 24.3495
 5.9847 5.22688 2.40406 24.2596
 5.9847 5.22692  2.4042 24.2659
 5.9847 5.22709 2.40512 24.3216
 5.9847 5.22724 2.40573 24.3527
 5.9847 5.22723 2.40559 24.3395
 5.9847 5.22766 2.40771 24.4577
 5.9847 5.22705 2.40481  24.299
 5.9847   5.227  2.4047  24.302
 5.9847 5.22691 2.40414 24.2623
 5.9847 5.22746 2.40646 24.3769
 5.9847 5.22687 2.40398 24.2542
 5.9847 5.22691 2.40417 24.2657
 5.9847 5.22725 2.40566 24.3423
 5.9847 5.22729  2.4059 24.3553
 5.9847 5.22739 2.40642 24.3869
 5.9847 5.22741 2.40634 24.3748
 5.9847 5.22736  2.4061 24.3615
 5.9847 5.22713 2.40523 24.3253
 5.9847 5.22687 2.40398 24.2546
 5.9847 5.22716  2.4053 24.3241
 5.9847 5.22703 2.40474 24.2985
 5.9847 5.22705 2.40476 24.2931
 5.9847 5.22729 2.40602 24.3672
 5.9847 5.22688 2.40402 24.2563
 5.9847 5.22705 2.40488 24.3058
 5.9847 5.22717 2.40551 24.3432
 5.9847 5.22703 2.40474 24.2975
 5.9847 5.22701 2.40461 24.2889
 5.9847  5.2271 2.40508 24.3168
 5.9847 5.22703  2.4047 24.2916
 5.9847 5.22714 2.40529  24.327
 5.9847  5.2276 2.40725 24.4258
 5.9847 5.22721 2.40546 24.3299
 5.9847 5.22718 2.40535 24.3271
 5.9847 5.22699 2.40457 24.2875
 5.9847 5.22746  2.4065 24.3821
 5.9847 5.22702  2.4046 24.2841
 5.9847 5.22698 2.40452 24.2863
 5.9847 5.22714 2.40527 24.3241
 5.9847 5.22703 2.40511 24.3407
5.98471 5.22756 2.40708  24.421
 5.9847 5.22716 2.40544 24.3423
 5.9847 5.22695 2.40439 24.2788
 5.9847  5.2272 2.40541 24.3262
 5.9847 5.22694 2.40433 24.2737
 5.9847 5.22694  2.4043  24.271
 5.9847 5.22724 2.40579 24.3591
 5.9847 5.22753 2.40719 24.4319
 5.9847 5.22715 2.40524 24.3203
 5.9847 5.22731 2.40615 24.3788
 5.9847 5.22688 2.40401 24.2566
5.98471 5.22763 2.40726 24.4219
 5.9847 5.22733 2.40608  24.366
 5.9847  5.2274 2.40629  24.374
 5.9847 5.22725  2.4056 24.3361
 5.9847 5.22694 2.40445  24.287
 5.9847  5.2273 2.40582 24.3472
 5.9847 5.22723 2.40552 24.3323
 5.9847 5.22732 2.40594 24.3554
 5.9847  5.2273 2.40579 24.3446
 5.9847 5.22736 2.40613 24.3642
 5.9847 5.22724 2.40564  24.342
 5.9847 5.22722 2.40564 24.3478
 5.9847 5.22727 2.40583  24.353
 5.9847 5.22699 2.40461 24.2913
 5.9847  5.2271 2.40506 24.3128
 5.9847 5.22697 2.40438 24.2738
 5.9847 5.22694  2.4043 24.2725
 5.9847 5.22705 2.40479 24.2976
 5.9847  5.2271   2.405 24.3106
 5.9847 5.22717 2.40538 24.3327
 5.9847 5.22713 2.40528 24.3302
 5.9847 5.22702 2.40461 24.2859
 5.9847 5.22716 2.40537 24.3317
 5.9847 5.22726 2.40605 24.3803
 5.9847 5.22703 2.40472 24.2926
 5.9847 5.22714 2.40521 24.3195
 5.9847  5.2271 2.40495 24.3029
 5.9847 5.22687 2.40397  24.254
 5.9847 5.22729 2.40589 24.3565
 5.9847 5.22735 2.40609 24.3665
 5.9847   5.227 2.40451 24.2806
 5.9847 5.22709 2.40502 24.3122
 5.9847 5.22691 2.40424 24.2728
 5.9847 5.22708 2.40499 24.3114
 5.9847 5.22774 2.40807 24.4749
 5.9847 5.22712 2.40523 24.3248
 5.9847  5.2272 2.40556 24.3462
 5.9847  5.2271 2.40499 24.3067
 5.9847 5.22738 2.40618 24.3669
 5.9847 5.22711 2.40506  24.313
 5.9847 5.22695 2.40438 24.2786
 5.9847 5.22721 2.40548 24.3326
 5.9847 5.22712 2.40521 24.3223
 5.9847 5.22726 2.40593 24.3654
5.98471 5.22833 2.41046 24.5917
 5.9847 5.22707 2.40487 24.3001
 5.9847  5.2269 2.40417 24.2691
 5.9847 5.22728 2.40578 24.3472
 5.9847 5.22709 2.40493 24.3035
 5.9847 5.22716 2.40536  24.331
 5.9847 5.22737 2.40609 24.3591
 5.9847 5.22698 2.40464 24.2974
 5.9847 5.22709 2.40492 24.3012
 5.9847 5.22694  2.4043  24.272
 5.9847  5.2273 2.40596 24.3602
 5.9847 5.22716 2.40544 24.3371
 5.9847 5.22699 2.40473 24.3065
 5.9847 5.22706 2.40483 24.2987
 5.9847 5.22736 2.40631 24.3814
 5.9847 5.22699 2.40462 24.2909
 5.9847 5.22751 2.40681 24.4016
 5.9847 5.22732 2.40605 24.3654
 5.9847 5.22717 2.40555 24.3498
 5.9847 5.22687 2.40399 24.2562
 5.9847 5.22707 2.40499 24.3113
 5.9847 5.22706 2.40482 24.3014
 5.9847 5.22708 2.40491 24.3036
 5.9847 5.22705 2.40474 24.2917
 5.9847 5.22771 2.40783 24.4577
 5.9847   5.227 2.40463 24.2906
 5.9847  5.2269 2.40416 24.2657
 5.9847 5.22736 2.40612 24.3649
5.98471  5.2285 2.41176 24.6777
 5.9847 5.22703 2.40499 24.3272
 5.9847 5.22695 2.40442 24.2799
 5.9847 5.22723 2.40588 24.3669
 5.9847 5.22713 2.40536 24.3368
 5.9847 5.22695 2.40439 24.2769
 5.9847 5.22692 2.40426  24.272
 5.9847 5.22707 2.40487 24.3009
 5.9847 5.22737 2.40624 24.3743
 5.9847 5.22716 2.40538 24.3314
 5.9847 5.22692 2.40421 24.2664
 5.9847 5.22721 2.40555 24.3383
 5.9847 5.22697  2.4045 24.2846
 5.9847 5.22746 2.40664  24.394
 5.9847 5.22691 2.40414 24.2637
 5.9847 5.22717 2.40548 24.3393
 5.9847  5.2269 2.40412 24.2628
 5.9847 5.22733 2.40598 24.3563
5.98471 5.22775 2.40772 24.4423
 5.9847 5.22709 2.40494 24.3034
 5.9847 5.22698 2.40449 24.2819
 5.9847 5.22695  2.4044 24.2794
 5.9847 5.22689 2.40411 24.2624
 5.9847 5.22725 2.40568 24.3427
 5.9847 5.22702 2.40474  24.299
 5.9847 5.22709  2.4051 24.3212
 5.9847 5.22731 2.40588 24.3528
 5.9847 5.22702 2.40487 24.3127
 5.9847 5.22741 2.40689 24.4379
 5.9847 5.22701 2.40477 24.3039
 5.9847 5.22687 2.40403 24.2598
 5.9847 5.22691 2.40412 24.2605
 5.9847 5.22691 2.40416 24.2646
 5.9847 5.22744 2.40657 24.3932
 5.9847  5.2272 2.40556 24.3404
5.98471 5.22828  2.4106 24.6124
 5.9847 5.22722 2.40574 24.3545
 5.9847 5.22713 2.40504 24.3059
 5.9847 5.22706 2.40483 24.2997
 5.9847 5.22697 2.40452 24.2874
 5.9847 5.22697 2.40445 24.2807
 5.9847 5.22769 2.40827 24.5082
 5.9847 5.22773 2.40786 24.4582
 5.9847 5.22711 2.40495 24.3011
 5.9847 5.22691 2.40418 24.2662
 5.9847 5.22704  2.4048 24.3001
 5.9847 5.22715 2.40527 24.3228
 5.9847 5.22688 2.40401  24.256
 5.9847   5.227 2.40472 24.3042
 5.9847 5.22689 2.40409  24.261
 5.9847 5.22721 2.40554 24.3372
 5.9847 5.22731 2.40595 24.3573
 5.9847 5.22699 2.40457 24.2895
 5.9847 5.22702 2.40472 24.2967
 5.9847 5.22707 2.40503 24.3147
 5.9847 5.22704 2.40502 24.3259
 5.9847 5.22694 2.40431 24.2727
 5.9847 5.22703 2.40488  24.312
 5.9847  5.2273 2.40598 24.3631
 5.9847 5.22706 2.40503 24.3199
 5.9847 5.22693 2.40429 24.2748
 5.9847 5.22687 2.40397 24.2538
 5.9847 5.22743 2.40648 24.3872
 5.9847 5.22699 2.40455 24.2855
 5.9847 5.22695 2.40438  24.278
 5.9847 5.22703 2.40479 24.3045
 5.9847 5.22716 2.40551 24.3462
 5.9847 5.22706 2.40493 24.3121
 5.9847 5.22688   2.404 24.2551
 5.9847 5.22706 2.40494 24.3088
 5.9847 5.22689 2.40418 24.2716
 5.9847 5.22735  2.4062 24.3736
 5.9847 5.22692 2.40431 24.2783
 5.9847 5.22692 2.40417 24.2635
 5.9847 5.22687 2.40398 24.2543
 5.9847 5.22736 2.40628 24.3797
 5.9847 5.22702  2.4046 24.2867
 5.9847 5.22693 2.40425 24.2688
 5.9847 5.22689 2.40407   24.26
 5.9847 5.22703 2.40478 24.2991
 5.9847 5.22688 2.40402 24.2564
 5.9847 5.22711 2.40502 24.3082
 5.9847 5.22691 2.40419 24.2656
 5.9847 5.22695 2.40437  24.277
 5.9847 5.22688 2.40402 24.2568
 5.9847 5.22749 2.40717 24.4385
 5.9847 5.22717 2.40537 24.3278
 5.9847 5.22712  2.4051 24.3134
 5.9847 5.22739 2.40654  24.396
 5.9847 5.22745  2.4065 24.3826
 5.9847  5.2275 2.40681  24.403
 5.9847 5.22731 2.40586 24.3495
 5.9847 5.22702 2.40471 24.2943
 5.9847 5.22716 2.40522 24.3173
 5.9847   5.227 2.40463 24.2917
 5.9847 5.22729 2.40592   24.36
 5.9847 5.22694 2.40432 24.2728
 5.9847 5.22696 2.40445 24.2846
 5.9847 5.22702 2.40474 24.2977
 5.9847 5.22694 2.40427 24.2692
 5.9847 5.22698 2.40485  24.326
 5.9847 5.22713 2.40511 24.3118
 5.9847 5.22727 2.40581 24.3517
 5.9847 5.22716 2.40529 24.3234
 5.9847 5.22742 2.40641 24.3798
 5.9847 5.22697 2.40443 24.2773
 5.9847 5.22713 2.40508 24.3098
 5.9847 5.22703  2.4047 24.2926
 5.9847 5.22695 2.40435 24.2745
 5.9847 5.22749 2.40662 24.3871
 5.9847 5.22774 2.40794 24.4626
 5.9847 5.22743 2.40645 24.3815
 5.9847  5.2269 2.40411 24.2618
 5.9847 5.22727 2.40567 24.3377
 5.9847 5.22701 2.40468 24.2935
 5.9847  5.2273 2.40587 24.3509
 5.9847 5.22716 2.40534  24.329
 5.9847 5.22688   2.404 24.2554
 5.9847 5.22692 2.40425 24.2716
 5.9847 5.22736 2.40643  24.395
 5.9847 5.22692 2.40419 24.2644
 5.9847 5.22719 2.40552 24.3401
 5.9847  5.2274 2.40617 24.3619
 5.9847 5.22692 2.40425 24.2705
 5.9847 5.22709 2.40498 24.3067
 5.9847 5.22739  2.4063 24.3769
 5.9847 5.22717 2.40535 24.3279
 5.9847  5.2273   2.406 24.3633
 5.9847 5.22711  2.4051 24.3158
 5.9847 5.22704 2.40467 24.2882
 5.9847  5.2274 2.40659 24.3993
 5.9847 5.22707 2.40516 24.3329
 5.9847 5.22712 2.40528 24.3314
 5.9847   5.227 2.40458 24.2882
 5.9847 5.22712 2.40538 24.3452
 5.9847 5.22745 2.40655 24.3863
 5.9847  5.2269 2.40412 24.2625
5.98471 5.22855 2.41159 24.6544
 5.9847 5.22711 2.40504 24.3123
 5.9847 5.22703 2.40476 24.2985
 5.9847 5.22705 2.40476 24.2933
 5.9847 5.22732 2.40606 24.3651
 5.9847 5.22742 2.40651 24.3891
 5.9847  5.2275 2.40701 24.4227
5.98471 5.22816 2.40951  24.534
 5.9847 5.22691 2.40422 24.2703
 5.9847 5.22742 2.40658 24.3951
 5.9847 5.22708 2.40496 24.3077
 5.9847 5.22691 2.40422 24.2696
 5.9847 5.22719 2.40544 24.3339
 5.9847 5.22766 2.40753 24.4415
 5.9847 5.22717 2.40541 24.3329
 5.9847 5.22703 2.40476 24.2974
 5.9847 5.22701 2.40456 24.2835
 5.9847 5.22691 2.40416 24.2641
5.98471 5.22772 2.40768 24.4422
 5.9847 5.22706 2.40488 24.3033
 5.9847 5.22779 2.40829 24.4871
 5.9847 5.22711  2.4051 24.3155
 5.9847 5.22715 2.40544 24.3402
5.98471 5.22788 2.40854 24.4934
 5.9847 5.22703 2.40518  24.346
 5.9847 5.22689 2.40408 24.2589
 5.9847 5.22706 2.40482 24.2982
 5.9847 5.22697 2.40442 24.2767
 5.9847 5.22691 2.40421 24.2681
 5.9847 5.22705 2.40477 24.2959
 5.9847 5.22697 2.40451 24.2854
 5.9847 5.22698 2.40444 24.2775
 5.9847 5.22761 2.40737 24.4355
 5.9847 5.22751 2.40683 24.4028
 5.9847   5.227 2.40456 24.2837
 5.9847 5.22753 2.40684 24.3989
 5.9847   5.227  2.4046 24.2883
 5.9847 5.22716 2.40547 24.3404
 5.9847 5.22704 2.40481 24.3012
 5.9847 5.22707 2.40504 24.3153
 5.9847 5.22703 2.40476 24.2977
 5.9847 5.22687 2.40399 24.2549
 5.9847 5.22718 2.40534 24.3245
 5.9847 5.22693 2.40422 24.2664
 5.9847 5.22716 2.40537 24.3298
 5.9847 5.22697 2.40445 24.2806
 5.9847 5.22707  2.4049 24.3041
 5.9847 5.22708   2.405 24.3109
 5.9847 5.22711 2.40505 24.3102
5.98471 5.22795 2.40859 24.4854
 5.9847 5.22688   2.404 24.2549
 5.9847 5.22749 2.40701 24.4224
 5.9847 5.22735 2.40613 24.3696
5.98471 5.22784 2.40855 24.5042
 5.9847 5.22712 2.40501  24.305
 5.9847 5.22739 2.40614   24.36
 5.9847 5.22726 2.40565 24.3391
 5.9847   5.227 2.40461 24.2903
 5.9847 5.22712 2.40519 24.3225
5.98471 5.22751 2.40663 24.3829
 5.9847 5.22765 2.40746 24.4353
5.98471 5.22794 2.40844 24.4731
 5.9847 5.22709 2.40503  24.312
 5.9847 5.22703 2.40477 24.2984
 5.9847 5.22715 2.40526 24.3242
 5.9847  5.2269 2.40409   24.26
 5.9847 5.22704 2.40478 24.2987
 5.9847 5.22724 2.40556 24.3339
 5.9847  5.2276 2.40719 24.4201
 5.9847   5.227 2.40452 24.2813
 5.9847 5.22727 2.40599 24.3696
 5.9847 5.22711 2.40505 24.3108
 5.9847 5.22718  2.4054 24.3313
 5.9847 5.22688 2.40403 24.2568
 5.9847 5.22699 2.40448 24.2785
 5.9847  5.2273 2.40595 24.3577
 5.9847 5.22711 2.40506  24.311
 5.9847  5.2272 2.40564 24.3488
 5.9847 5.22734 2.40644 24.3988
 5.9847  5.2275 2.40688  24.408
 5.9847 5.22696  2.4044 24.2769
5.98471 5.22779 2.40806 24.4686
 5.9847  5.2275 2.40675 24.3952
 5.9847 5.22747 2.40688 24.4166
 5.9847 5.22695 2.40438 24.2769
5.98471 5.22812 2.40943 24.5311
 5.9847 5.22779  2.4084 24.4973
 5.9847 5.22769 2.40784 24.4623
 5.9847 5.22728 2.40569 24.3386
 5.9847 5.22701 2.40456 24.2832
 5.9847 5.22694 2.40431 24.2735
 5.9847 5.22719  2.4054 24.3279
 5.9847 5.22719 2.40537  24.327
 5.9847 5.22697 2.40451  24.285
 5.9847 5.22693 2.40427 24.2705
 5.9847 5.22698 2.40448 24.2807
 5.9847 5.22744 2.40669 24.4047
 5.9847 5.22715 2.40527 24.3233
 5.9847 5.22723 2.40555 24.3337
 5.9847 5.22724 2.40562 24.3392
5.98471 5.22807 2.40948 24.5454
 5.9847 5.22708   2.405 24.3113
 5.9847 5.22783 2.40892 24.5378
 5.9847 5.22688 2.40408 24.2616
 5.9847  5.2272  2.4055  24.336

All Run Estimates:
 0.784311  0.084247 0.0443792  0.974826  0.096458  0.131053  0.322533
CODE FINISHED RUNNING IN 488 s TIME!
